0
1	-1.86265e-009	2.32831e-010	0	
-5.12227e-009	1	-5.96046e-008	-1.49012e-008	
6.98492e-010	0	1	0	
0	0	0	1	
1
1	-0.000725444	0.000689703	-0.000346497	
0.000726517	0.999998	-0.00156817	0.000609271	
-0.000688555	0.00156865	0.999998	1.15037e-005	
0	0	0	1	
2
1	0.000173435	-0.000396157	-0.000426579	
-0.000174511	0.999996	-0.0027073	0.00159853	
0.000395689	0.00270733	0.999996	7.45654e-005	
0	0	0	1	
3
0.999984	0.00265185	0.00501639	-0.003837	
-0.00263251	0.999989	-0.00385842	0.00270173	
-0.00502656	0.00384516	0.99998	0.000379801	
0	0	0	1	
4
0.999992	0.00346406	0.00209696	-0.0027873	
-0.00346484	0.999994	0.000365108	0.00104772	
-0.00209567	-0.00037238	0.999998	0.000231028	
0	0	0	1	
5
0.999986	0.00363698	0.00376897	-0.00349932	
-0.00365208	0.999985	0.00400501	-0.000170339	
-0.00375435	-0.00401875	0.999985	0.00104755	
0	0	0	1	
6
0.999993	0.00347654	0.0011661	-0.00196863	
-0.00348298	0.999978	0.00556484	-0.000610519	
-0.00114672	-0.00556889	0.999984	0.00140572	
0	0	0	1	
7
0.999995	0.00326323	-0.000205833	-0.00109189	
-0.0032629	0.999993	0.00161257	0.00122745	
0.000211101	-0.00161189	0.999999	0.000948489	
0	0	0	1	
8
0.999978	0.00520181	0.00421969	-0.00394955	
-0.00524231	0.99994	0.00964311	-0.00237928	
-0.00416926	-0.00966501	0.999945	0.000647545	
0	0	0	1	
9
0.999992	0.00397887	0.000804859	-0.00338896	
-0.00398234	0.999982	0.00434867	-9.08263e-005	
-0.000787534	-0.00435188	0.99999	0.000825346	
0	0	0	1	
10
0.999992	0.00376894	-0.00132471	-0.00296516	
-0.00375846	0.999962	0.00782752	-0.00215317	
0.00135416	-0.00782251	0.999968	0.000589848	
0	0	0	1	
11
0.999981	0.00609191	-0.000980297	-0.00426395	
-0.00607921	0.999904	0.0124828	-0.00421755	
0.00105625	-0.0124765	0.999922	0.000821114	
0	0	0	1	
12
0.999979	0.00499842	-0.00414649	-0.00347983	
-0.00494794	0.999915	0.0120962	-0.00425271	
0.00420661	-0.0120755	0.999918	0.000860035	
0	0	0	1	
13
0.999972	0.00649842	-0.00369191	-0.00427501	
-0.00644928	0.999892	0.013171	-0.00530502	
0.00377711	-0.0131468	0.999906	0.000683367	
0	0	0	1	
14
0.999945	0.00955905	0.00440381	-0.00899712	
-0.0096286	0.999825	0.0160509	-0.0067012	
-0.00424961	-0.0160924	0.999862	0.00112045	
0	0	0	1	
15
0.999925	0.0109267	0.00557693	-0.0109846	
-0.011006	0.999836	0.0143938	-0.0055778	
-0.00541874	-0.0144541	0.999881	0.000878334	
0	0	0	1	
16
0.999906	0.0130435	0.00413923	-0.0125333	
-0.0131113	0.999773	0.0167968	-0.00607282	
-0.0039192	-0.0168495	0.99985	0.00134754	
0	0	0	1	
17
0.99984	0.0164509	0.00702458	-0.0168346	
-0.0165501	0.99976	0.0143148	-0.00454839	
-0.0067874	-0.0144288	0.999873	0.000874519	
0	0	0	1	
18
0.999854	0.0165275	0.004257	-0.0169249	
-0.0166058	0.99968	0.0190613	-0.00521136	
-0.0039406	-0.0191293	0.999809	0.00127256	
0	0	0	1	
19
0.999792	0.0195562	0.00582395	-0.0192835	
-0.0196922	0.999511	0.0242836	-0.00620335	
-0.00534621	-0.0243933	0.999688	0.00257361	
0	0	0	1	
20
0.999706	0.0224742	0.00906025	-0.0242974	
-0.0227063	0.999394	0.0263858	-0.00664755	
-0.00846176	-0.0265838	0.999611	0.00393385	
0	0	0	1	
21
0.999729	0.0231588	0.00250526	-0.0295458	
-0.0232194	0.999346	0.0276984	-0.00822974	
-0.00186217	-0.027749	0.999613	0.00398809	
0	0	0	1	
22
0.999672	0.0256047	-0.000558106	-0.0326608	
-0.02558	0.999301	0.0272529	-0.00895053	
0.00125552	-0.0272297	0.999628	0.00471979	
0	0	0	1	
23
0.999619	0.0255998	-0.0103105	-0.0332709	
-0.025324	0.99934	0.0260486	-0.00900738	
0.0109706	-0.0257775	0.999607	0.00425416	
0	0	0	1	
24
0.999503	0.0287907	-0.0128498	-0.0357675	
-0.0284352	0.99923	0.0270416	-0.00962119	
0.0136185	-0.0266628	0.999552	0.00266421	
0	0	0	1	
25
0.999355	0.0318461	-0.0165871	-0.0368986	
-0.0314325	0.999202	0.0246271	-0.00860398	
0.0173582	-0.0240899	0.999559	0.00279909	
0	0	0	1	
26
0.999178	0.0334134	-0.0229458	-0.0347665	
-0.0328438	0.999153	0.0247671	-0.00849205	
0.0237539	-0.0239931	0.99943	0.00270146	
0	0	0	1	
27
0.999142	0.0358	-0.0208056	-0.0359119	
-0.0352242	0.999003	0.0274132	-0.00969011	
0.0217663	-0.0266568	0.999408	0.00216568	
0	0	0	1	
28
0.999195	0.0370378	-0.015397	-0.0381553	
-0.0366354	0.999	0.02564	-0.0093736	
0.0163312	-0.0250552	0.999553	0.00252146	
0	0	0	1	
29
0.999174	0.0381665	-0.013936	-0.0378891	
-0.0377446	0.998855	0.0293786	-0.0125171	
0.0150414	-0.0288283	0.999471	0.0015105	
0	0	0	1	
30
0.999193	0.0375939	-0.0141407	-0.0372169	
-0.0371605	0.998866	0.0297613	-0.0143194	
0.0152435	-0.0292118	0.999457	0.000845194	
0	0	0	1	
31
0.999239	0.0373039	-0.0114158	-0.0381993	
-0.0369786	0.998938	0.0274842	-0.0152147	
0.0124289	-0.027041	0.999557	0.000758469	
0	0	0	1	
32
0.999276	0.0370641	-0.00860344	-0.0391013	
-0.0368581	0.999056	0.0229792	-0.0145329	
0.00944703	-0.0226455	0.999699	-0.000637949	
0	0	0	1	
33
0.999376	0.0343868	-0.00805555	-0.0378932	
-0.0342048	0.999178	0.0217313	-0.0137551	
0.00879621	-0.0214423	0.999731	-0.00117493	
0	0	0	1	
34
0.999454	0.0329045	-0.00309697	-0.0390404	
-0.0328352	0.999256	0.020243	-0.0114252	
0.00376075	-0.0201303	0.99979	-0.000836849	
0	0	0	1	
35
0.999498	0.0313279	-0.00476645	-0.036635	
-0.0311792	0.999104	0.0286116	-0.0128943	
0.00565853	-0.0284486	0.999579	-6.02007e-006	
0	0	0	1	
36
0.999588	0.0286784	-0.00102597	-0.0354283	
-0.0286316	0.999089	0.0316358	-0.013294	
0.0019323	-0.0315935	0.999499	0.000952065	
0	0	0	1	
37
0.999611	0.0275868	0.00412628	-0.0362585	
-0.0277071	0.999082	0.032678	-0.0135211	
-0.00322099	-0.0327796	0.999457	-7.95126e-005	
0	0	0	1	
38
0.999665	0.0254585	0.00468671	-0.0357407	
-0.0256042	0.999086	0.0342305	-0.0126305	
-0.00381096	-0.034339	0.999403	0.00132662	
0	0	0	1	
39
0.999706	0.0235968	0.00558662	-0.0344683	
-0.0237992	0.998938	0.0394504	-0.0133558	
-0.00464978	-0.0395718	0.999206	0.00173831	
0	0	0	1	
40
0.999643	0.0224145	0.0145373	-0.0374626	
-0.0230584	0.998686	0.0457547	-0.0153609	
-0.0134926	-0.0460736	0.998847	0.00177652	
0	0	0	1	
41
0.999659	0.0191233	0.0178069	-0.0381338	
-0.0200079	0.998503	0.0509005	-0.0166839	
-0.0168068	-0.0512394	0.998545	0.0020262	
0	0	0	1	
42
0.999744	0.0148724	0.0170556	-0.0362689	
-0.0157279	0.998566	0.0511727	-0.016338	
-0.0162701	-0.0514278	0.998544	0.00289214	
0	0	0	1	
43
0.999565	0.0173674	0.0238386	-0.039021	
-0.0185887	0.998474	0.0520041	-0.0176922	
-0.022899	-0.0524246	0.998362	0.00177246	
0	0	0	1	
44
0.999629	0.0166587	0.021565	-0.0387675	
-0.0176851	0.998675	0.0483162	-0.0164226	
-0.0207316	-0.0486796	0.998599	0.00128371	
0	0	0	1	
45
0.999624	0.0177537	0.020891	-0.0396525	
-0.0186981	0.99877	0.0459143	-0.0161999	
-0.0200502	-0.0462877	0.998727	0.000550032	
0	0	0	1	
46
0.999703	0.0175741	0.0168801	-0.0390409	
-0.0182951	0.998883	0.0435524	-0.0159145	
-0.0160958	-0.0438483	0.998909	-0.000627398	
0	0	0	1	
47
0.999734	0.0178546	0.0146104	-0.0384088	
-0.0184445	0.998977	0.0412837	-0.0153596	
-0.0138583	-0.0415422	0.999041	-0.0011813	
0	0	0	1	
48
0.999686	0.0196762	0.0154867	-0.0384325	
-0.0202487	0.999083	0.0377172	-0.0144539	
-0.0147303	-0.038019	0.999168	-0.00205791	
0	0	0	1	
49
0.999672	0.019479	0.0166038	-0.0380665	
-0.0200868	0.999104	0.0372615	-0.0142303	
-0.0158631	-0.0375827	0.999168	-0.00182211	
0	0	0	1	
50
0.999614	0.0202788	0.0190037	-0.0376486	
-0.0209611	0.999117	0.036418	-0.0140575	
-0.0182484	-0.0368024	0.999156	-0.00214928	
0	0	0	1	
51
0.999467	0.0213445	0.0246963	-0.0400904	
-0.0222663	0.999042	0.0376753	-0.0156189	
-0.0238685	-0.0382051	0.998985	-0.00288856	
0	0	0	1	
52
0.999567	0.0206691	0.0209608	-0.0397012	
-0.0214317	0.999091	0.0368378	-0.0161048	
-0.0201804	-0.037271	0.999101	-0.00390732	
0	0	0	1	
53
0.999632	0.0207327	0.0175154	-0.038377	
-0.0213059	0.999222	0.0331986	-0.0156892	
-0.0168135	-0.0335595	0.999295	-0.00444269	
0	0	0	1	
54
0.999609	0.0207735	0.0187073	-0.0389324	
-0.02135	0.999286	0.0311607	-0.0159391	
-0.0180466	-0.031548	0.999339	-0.00531715	
0	0	0	1	
55
0.999609	0.0211016	0.0183511	-0.0395178	
-0.0215925	0.999403	0.0269782	-0.0151604	
-0.0177708	-0.027364	0.999468	-0.00667083	
0	0	0	1	
56
0.999672	0.0193613	0.0167354	-0.0396472	
-0.019781	0.999484	0.0252897	-0.014692	
-0.0162371	-0.0256125	0.99954	-0.00709623	
0	0	0	1	
57
0.999703	0.0173569	0.0171295	-0.0397204	
-0.0177887	0.999519	0.0253843	-0.0148534	
-0.0166806	-0.0256815	0.999531	-0.00730044	
0	0	0	1	
58
0.999633	0.015326	0.0223589	-0.0417166	
-0.0159126	0.999527	0.0262959	-0.0157866	
-0.0219453	-0.026642	0.999404	-0.00799221	
0	0	0	1	
59
0.999407	0.0102258	0.0328701	-0.0469203	
-0.0109292	0.999713	0.0212925	-0.0131239	
-0.032643	-0.0216391	0.999233	-0.0084269	
0	0	0	1	
60
0.999121	0.00485098	0.0416429	-0.0515444	
-0.00567519	0.99979	0.0196967	-0.0119643	
-0.0415386	-0.0199158	0.998938	-0.00915903	
0	0	0	1	
61
0.998776	-0.00206434	0.0494139	-0.0553637	
0.00096355	0.999751	0.0222903	-0.0130311	
-0.0494476	-0.0222154	0.99853	-0.00961775	
0	0	0	1	
62
0.998013	-0.00878378	0.0623976	-0.0619425	
0.00768237	0.999811	0.0178695	-0.0111427	
-0.0625428	-0.0173546	0.997891	-0.0111143	
0	0	0	1	
63
0.997489	-0.0167631	0.068806	-0.0664228	
0.0155115	0.999705	0.018685	-0.0111417	
-0.069099	-0.0175708	0.997455	-0.011943	
0	0	0	1	
64
0.996656	-0.0239618	0.0781142	-0.071193	
0.0223745	0.999526	0.0211326	-0.0126533	
-0.0785836	-0.0193141	0.99672	-0.0133626	
0	0	0	1	
65
0.995853	-0.0305277	0.0857053	-0.0753345	
0.0292391	0.99944	0.0162507	-0.010524	
-0.0861534	-0.0136774	0.996188	-0.0147375	
0	0	0	1	
66
0.995125	-0.0415385	0.0894468	-0.0768814	
0.0406934	0.999108	0.0112522	-0.00702079	
-0.0898344	-0.00755748	0.995928	-0.0154068	
0	0	0	1	
67
0.994149	-0.0462256	0.0976276	-0.0803153	
0.0446604	0.998837	0.0181581	-0.00974692	
-0.0983535	-0.0136918	0.995057	-0.0162522	
0	0	0	1	
68
0.992879	-0.0528273	0.106775	-0.0845351	
0.0514307	0.998551	0.0157938	-0.0080021	
-0.107454	-0.0101899	0.994158	-0.0174724	
0	0	0	1	
69
0.991937	-0.0628763	0.11003	-0.0850901	
0.0614057	0.997973	0.0167066	-0.00699123	
-0.110858	-0.00981542	0.993788	-0.0174654	
0	0	0	1	
70
0.99008	-0.0696996	0.121995	-0.0890371	
0.0682788	0.997541	0.0157937	-0.00622147	
-0.122796	-0.00730735	0.992405	-0.0179834	
0	0	0	1	
71
0.98825	-0.0788033	0.130963	-0.0929956	
0.0772012	0.996866	0.0172734	-0.00643716	
-0.131913	-0.00695994	0.991237	-0.0191643	
0	0	0	1	
72
0.98712	-0.0885708	0.133223	-0.0935828	
0.0871108	0.996058	0.0167592	-0.00490893	
-0.134182	-0.00493822	0.990944	-0.0192673	
0	0	0	1	
73
0.984863	-0.0968495	0.143755	-0.0967707	
0.0948466	0.995276	0.0207373	-0.00624812	
-0.145084	-0.00678873	0.989396	-0.0195028	
0	0	0	1	
74
0.981972	-0.104794	0.157319	-0.102344	
0.102887	0.994487	0.0202386	-0.0060585	
-0.158573	-0.00368762	0.98734	-0.0201885	
0	0	0	1	
75
0.980302	-0.115664	0.160094	-0.103095	
0.113492	0.99328	0.0226798	-0.00674618	
-0.161642	-0.00406376	0.986841	-0.0215165	
0	0	0	1	
76
0.977757	-0.125574	0.167997	-0.105503	
0.123996	0.992083	0.019894	-0.0050576	
-0.169165	0.00137928	0.985587	-0.0216389	
0	0	0	1	
77
0.974535	-0.133439	0.180209	-0.110157	
0.130935	0.991056	0.0257784	-0.0076893	
-0.182037	-0.00152639	0.98329	-0.0223989	
0	0	0	1	
78
0.971677	-0.143411	0.18782	-0.112851	
0.141471	0.989657	0.0237662	-0.00651733	
-0.189286	0.00347799	0.981916	-0.0231302	
0	0	0	1	
79
0.967731	-0.1532	0.200067	-0.117587	
0.151162	0.988179	0.0255192	-0.00733194	
-0.201612	0.00554675	0.97945	-0.0235259	
0	0	0	1	
80
0.964205	-0.164564	0.207914	-0.120534	
0.162677	0.98633	0.0262628	-0.00700057	
-0.209394	0.00850016	0.977794	-0.0244434	
0	0	0	1	
81
0.960431	-0.174953	0.216713	-0.123513	
0.172981	0.984522	0.0281906	-0.00675251	
-0.21829	0.010412	0.975828	-0.0240487	
0	0	0	1	
82
0.956001	-0.184366	0.22819	-0.12682	
0.182605	0.982759	0.0289959	-0.00632877	
-0.229601	0.0139485	0.973185	-0.024757	
0	0	0	1	
83
0.950594	-0.192902	0.243227	-0.132514	
0.191001	0.981081	0.0316091	-0.00626799	
-0.244723	0.0164091	0.969454	-0.023931	
0	0	0	1	
84
0.946001	-0.202369	0.253237	-0.135677	
0.198377	0.979248	0.0414799	-0.00995599	
-0.256376	0.0109963	0.966515	-0.0240119	
0	0	0	1	
85
0.940115	-0.212264	0.266697	-0.140413	
0.208252	0.977104	0.0435812	-0.0113856	
-0.269842	0.014569	0.962794	-0.0240442	
0	0	0	1	
86
0.933235	-0.219983	0.284042	-0.148456	
0.216256	0.975307	0.0448285	-0.0127354	
-0.286889	0.0195902	0.957763	-0.0232211	
0	0	0	1	
87
0.928545	-0.230481	0.291002	-0.152119	
0.228458	0.972673	0.0414025	-0.0117806	
-0.292592	0.0280378	0.955826	-0.024878	
0	0	0	1	
88
0.923648	-0.239103	0.299508	-0.15614	
0.237023	0.970515	0.0438296	-0.0136632	
-0.301156	0.0305071	0.953087	-0.0260596	
0	0	0	1	
89
0.917994	-0.246563	0.310636	-0.161301	
0.244155	0.968583	0.0472732	-0.0159921	
-0.312532	0.0324466	0.949353	-0.0256995	
0	0	0	1	
90
0.911962	-0.253076	0.322921	-0.167489	
0.253111	0.966497	0.0426406	-0.0140161	
-0.322894	0.0428484	0.945465	-0.0256801	
0	0	0	1	
91
0.907371	-0.262301	0.328444	-0.170108	
0.261572	0.964026	0.0472588	-0.0158868	
-0.329024	0.0430305	0.94334	-0.0261195	
0	0	0	1	
92
0.901229	-0.268021	0.340516	-0.17532	
0.26655	0.962414	0.0520527	-0.0183098	
-0.341669	0.0438532	0.938797	-0.0245001	
0	0	0	1	
93
0.893861	-0.274892	0.354186	-0.181749	
0.273496	0.960294	0.0550855	-0.0202523	
-0.355265	0.0476295	0.933551	-0.0233648	
0	0	0	1	
94
0.889526	-0.286614	0.355803	-0.18307	
0.287069	0.956455	0.0527789	-0.0186515	
-0.355437	0.0551916	0.933069	-0.0242273	
0	0	0	1	
95
0.885712	-0.291453	0.361344	-0.185495	
0.291058	0.955014	0.0568668	-0.020362	
-0.361662	0.0548044	0.930697	-0.0225227	
0	0	0	1	
96
0.881572	-0.296318	0.36746	-0.187989	
0.296045	0.953377	0.0585585	-0.0212357	
-0.36768	0.0571612	0.928194	-0.0224466	
0	0	0	1	
97
0.875481	-0.301994	0.37727	-0.192692	
0.302733	0.951251	0.0589382	-0.0211888	
-0.376678	0.0626128	0.924226	-0.0201951	
0	0	0	1	
98
0.869466	-0.307426	0.386675	-0.197089	
0.306264	0.949632	0.06635	-0.0252222	
-0.387597	0.0607354	0.919826	-0.0181181	
0	0	0	1	
99
0.863486	-0.314419	0.394375	-0.200249	
0.313004	0.947181	0.0698264	-0.0275469	
-0.395499	0.0631466	0.916293	-0.0163117	
0	0	0	1	
100
0.855327	-0.31999	0.407457	-0.206633	
0.318506	0.94506	0.0735858	-0.0304671	
-0.408618	0.0668377	0.910255	-0.0135539	
0	0	0	1	
101
0.848756	-0.325792	0.416501	-0.212201	
0.32449	0.942813	0.0762265	-0.0329067	
-0.417516	0.0704527	0.905934	-0.0124656	
0	0	0	1	
102
0.843808	-0.333182	0.420687	-0.215444	
0.332351	0.939941	0.0778046	-0.0342119	
-0.421344	0.0741637	0.903863	-0.0117715	
0	0	0	1	
103
0.838596	-0.340246	0.425428	-0.217454	
0.338776	0.937301	0.0818409	-0.0367128	
-0.4266	0.0754932	0.901284	-0.0105199	
0	0	0	1	
104
0.831153	-0.347087	0.434414	-0.221906	
0.347164	0.934196	0.0821816	-0.0374698	
-0.434352	0.0825073	0.896956	-0.00899109	
0	0	0	1	
105
0.825008	-0.353169	0.441173	-0.226035	
0.353521	0.931587	0.084662	-0.038424	
-0.440892	0.086117	0.89342	-0.00703016	
0	0	0	1	
106
0.81857	-0.361443	0.446432	-0.227837	
0.360359	0.928375	0.0908873	-0.0411752	
-0.447307	0.0864783	0.89019	-0.00483903	
0	0	0	1	
107
0.807919	-0.367978	0.460282	-0.233121	
0.369271	0.924836	0.0912006	-0.0413621	
-0.459246	0.0962862	0.883076	-0.00111723	
0	0	0	1	
108
0.79776	-0.375739	0.471593	-0.237596	
0.375652	0.921487	0.0987268	-0.0443997	
-0.471662	0.0983944	0.876272	0.00196669	
0	0	0	1	
109
0.790501	-0.383357	0.477646	-0.239249	
0.379165	0.91878	0.109896	-0.049859	
-0.480981	0.0942334	0.871652	0.00485823	
0	0	0	1	
110
0.781885	-0.388941	0.487217	-0.242944	
0.385655	0.915798	0.112177	-0.0514741	
-0.489823	0.100188	0.866046	0.00713849	
0	0	0	1	
111
0.774493	-0.39376	0.49509	-0.246568	
0.391295	0.913159	0.114141	-0.0521811	
-0.49704	0.105325	0.861312	0.00907144	
0	0	0	1	
112
0.77152	-0.39708	0.497076	-0.247305	
0.394459	0.911569	0.115943	-0.0529666	
-0.499158	0.106624	0.859926	0.00949496	
0	0	0	1	
113
0.7712	-0.400785	0.494594	-0.246377	
0.399771	0.909538	0.11368	-0.0518719	
-0.495413	0.110055	0.861658	0.00763488	
0	0	0	1	
114
0.771561	-0.401266	0.493639	-0.245978	
0.399023	0.909609	0.115721	-0.052118	
-0.495453	0.107688	0.861933	0.00693575	
0	0	0	1	
115
0.769814	-0.401139	0.496461	-0.247524	
0.396969	0.909989	0.119728	-0.0524394	
-0.499802	0.104912	0.859762	0.00757197	
0	0	0	1	
116
0.769273	-0.402294	0.496366	-0.247756	
0.396687	0.909738	0.122535	-0.0522396	
-0.500858	0.102639	0.859422	0.00745144	
0	0	0	1	
117
0.769127	-0.403559	0.495564	-0.247438	
0.396665	0.90942	0.124947	-0.0521791	
-0.501099	0.100473	0.859537	0.0074777	
0	0	0	1	
118
0.767335	-0.403005	0.498783	-0.249586	
0.395995	0.909604	0.125735	-0.0507286	
-0.504367	0.101035	0.857558	0.00831831	
0	0	0	1	
119
0.768569	-0.403611	0.496387	-0.248794	
0.393836	0.90993	0.130076	-0.0508093	
-0.504178	0.0955225	0.858301	0.00793236	
0	0	0	1	
120
0.767521	-0.403096	0.498422	-0.250142	
0.392594	0.910248	0.131601	-0.0501857	
-0.506736	0.0946711	0.856887	0.00865501	
0	0	0	1	
121
0.76734	-0.403944	0.498014	-0.250035	
0.393524	0.90984	0.131639	-0.0489079	
-0.506288	0.0949681	0.857119	0.00862777	
0	0	0	1	
122
0.76767	-0.403134	0.498162	-0.250571	
0.390062	0.910705	0.135894	-0.0496142	
-0.508463	0.0899924	0.856369	0.00900537	
0	0	0	1	
123
0.767918	-0.404699	0.496509	-0.250557	
0.390824	0.910153	0.137394	-0.0495589	
-0.507502	0.0885403	0.857089	0.00907356	
0	0	0	1	
124
0.767287	-0.406098	0.496342	-0.251391	
0.39435	0.909109	0.134198	-0.0478611	
-0.505727	0.092764	0.857692	0.00829351	
0	0	0	1	
125
0.766641	-0.408634	0.495257	-0.253159	
0.394971	0.908269	0.138006	-0.0483199	
-0.50622	0.0898111	0.857715	0.00953105	
0	0	0	1	
126
0.768791	-0.416124	0.485594	-0.250989	
0.399757	0.905401	0.142978	-0.0494735	
-0.499154	0.0841996	0.862413	0.00915498	
0	0	0	1	
127
0.768297	-0.419463	0.483498	-0.251091	
0.402423	0.903937	0.144753	-0.0497984	
-0.49777	0.0833574	0.863294	0.0100993	
0	0	0	1	
128
0.768792	-0.424418	0.478359	-0.248841	
0.407454	0.901622	0.145115	-0.0496099	
-0.492889	0.0833458	0.866091	0.0100185	
0	0	0	1	
129
0.766851	-0.427043	0.479138	-0.249024	
0.410609	0.900186	0.145139	-0.049171	
-0.493294	0.0854381	0.865656	0.0111668	
0	0	0	1	
130
0.766482	-0.428841	0.478123	-0.247748	
0.409712	0.899763	0.15021	-0.0506584	
-0.494613	0.0807594	0.865353	0.0113879	
0	0	0	1	
131
0.765715	-0.427839	0.480243	-0.248157	
0.40778	0.900352	0.151928	-0.0504644	
-0.497389	0.0794999	0.863877	0.013428	
0	0	0	1	
132
0.764383	-0.428169	0.482068	-0.247775	
0.405817	0.900486	0.156327	-0.0519239	
-0.50103	0.0761374	0.862074	0.0151868	
0	0	0	1	
133
0.76209	-0.430681	0.483459	-0.247184	
0.408397	0.89916	0.157233	-0.0531431	
-0.502424	0.0776171	0.86113	0.0150467	
0	0	0	1	
134
0.75979	-0.429548	0.488065	-0.24962	
0.408643	0.899369	0.155388	-0.0532537	
-0.505697	0.0813818	0.858864	0.0159671	
0	0	0	1	
135
0.760589	-0.430263	0.486187	-0.249326	
0.40879	0.899158	0.156221	-0.0552001	
-0.504376	0.0799284	0.859777	0.0152728	
0	0	0	1	
136
0.760177	-0.428936	0.488001	-0.250859	
0.410177	0.899329	0.151532	-0.0547538	
-0.503871	0.084976	0.859589	0.0145803	
0	0	0	1	
137
0.761745	-0.427354	0.486942	-0.251976	
0.408886	0.900118	0.15033	-0.0558606	
-0.50255	0.0845904	0.8604	0.0133156	
0	0	0	1	
138
0.764299	-0.431782	0.478969	-0.249426	
0.41547	0.897758	0.14634	-0.0548569	
-0.493185	0.0871493	0.865548	0.00975165	
0	0	0	1	
139
0.765637	-0.428193	0.480052	-0.250744	
0.412388	0.899463	0.144577	-0.0549579	
-0.493696	0.0872741	0.865244	0.0106288	
0	0	0	1	
140
0.764395	-0.428845	0.481449	-0.251427	
0.415209	0.89869	0.141271	-0.0540426	
-0.493257	0.0919149	0.865014	0.0104106	
0	0	0	1	
141
0.763703	-0.430352	0.481202	-0.251866	
0.417925	0.897698	0.139558	-0.0534558	
-0.492034	0.0945258	0.865429	0.00942087	
0	0	0	1	
142
0.760845	-0.433003	0.483346	-0.253335	
0.42134	0.896105	0.13953	-0.052986	
-0.493545	0.097492	0.864239	0.00963339	
0	0	0	1	
143
0.758559	-0.434036	0.486005	-0.254446	
0.421702	0.895603	0.141642	-0.0536565	
-0.496745	0.0975055	0.862402	0.0107885	
0	0	0	1	
144
0.753989	-0.434623	0.492548	-0.257386	
0.422267	0.895058	0.143394	-0.0541393	
-0.503182	0.0998694	0.858391	0.0120958	
0	0	0	1	
145
0.751702	-0.440409	0.490902	-0.256082	
0.42862	0.891955	0.143879	-0.0536414	
-0.501228	0.102256	0.859252	0.0101246	
0	0	0	1	
146
0.745771	-0.44167	0.498752	-0.259628	
0.429903	0.890964	0.14617	-0.0540413	
-0.508929	0.105405	0.854331	0.0117462	
0	0	0	1	
147
0.741509	-0.444927	0.5022	-0.260702	
0.432695	0.889163	0.148876	-0.0547462	
-0.512777	0.106906	0.85184	0.0117236	
0	0	0	1	
148
0.73808	-0.448988	0.503635	-0.260882	
0.436073	0.88703	0.151716	-0.0557275	
-0.514858	0.107643	0.850491	0.0108834	
0	0	0	1	
149
0.731641	-0.450507	0.51161	-0.26426	
0.440366	0.88524	0.149758	-0.0546874	
-0.520365	0.115726	0.846066	0.0114551	
0	0	0	1	
150
0.725272	-0.456067	0.515735	-0.265608	
0.446059	0.881901	0.152582	-0.055509	
-0.524415	0.119385	0.843052	0.0123321	
0	0	0	1	
151
0.720476	-0.460754	0.518286	-0.265915	
0.450339	0.879198	0.155582	-0.0564754	
-0.527361	0.121311	0.840936	0.0123614	
0	0	0	1	
152
0.715421	-0.465374	0.521153	-0.266329	
0.454837	0.876407	0.158221	-0.057571	
-0.530374	0.123845	0.838669	0.0121106	
0	0	0	1	
153
0.707609	-0.467496	0.529846	-0.269299	
0.455831	0.874968	0.163244	-0.0594955	
-0.539914	0.126007	0.832235	0.014155	
0	0	0	1	
154
0.699913	-0.472876	0.535266	-0.270447	
0.464437	0.870682	0.161899	-0.0578627	
-0.542605	0.135282	0.829023	0.0135853	
0	0	0	1	
155
0.691801	-0.474502	0.544298	-0.274153	
0.462822	0.869965	0.170164	-0.0608072	
-0.554263	0.134194	0.821453	0.0160946	
0	0	0	1	
156
0.686622	-0.479288	0.546656	-0.27489	
0.469462	0.866434	0.169995	-0.0599345	
-0.555118	0.139912	0.81992	0.0158402	
0	0	0	1	
157
0.681553	-0.484437	0.548458	-0.274711	
0.475039	0.863002	0.171946	-0.0602424	
-0.556618	0.143349	0.818308	0.0145996	
0	0	0	1	
158
0.672954	-0.487491	0.556315	-0.277249	
0.480298	0.859961	0.172573	-0.0598492	
-0.562536	0.151063	0.812855	0.0161728	
0	0	0	1	
159
0.665087	-0.490094	0.563442	-0.279448	
0.481389	0.858193	0.178242	-0.0624464	
-0.570898	0.152688	0.806699	0.016874	
0	0	0	1	
160
0.656607	-0.494216	0.569753	-0.281653	
0.486239	0.854843	0.181148	-0.0630339	
-0.576576	0.158093	0.801603	0.0182528	
0	0	0	1	
161
0.649441	-0.498604	0.574125	-0.281976	
0.491767	0.851275	0.183019	-0.0639781	
-0.579993	0.163476	0.79805	0.0177186	
0	0	0	1	
162
0.641661	-0.502098	0.5798	-0.284661	
0.496459	0.848112	0.185024	-0.0641065	
-0.584636	0.169124	0.793472	0.0177241	
0	0	0	1	
163
0.633939	-0.507521	0.583562	-0.285657	
0.497014	0.845462	0.195376	-0.0692798	
-0.592536	0.166182	0.788216	0.0184452	
0	0	0	1	
164
0.623774	-0.513054	0.589645	-0.286769	
0.505247	0.840274	0.196636	-0.0710239	
-0.596348	0.17526	0.78336	0.0189241	
0	0	0	1	
165
0.614697	-0.516677	0.595981	-0.288531	
0.512783	0.835896	0.195782	-0.0713807	
-0.599334	0.185262	0.778766	0.0196337	
0	0	0	1	
166
0.605217	-0.520686	0.602162	-0.290643	
0.514359	0.833102	0.20341	-0.0755776	
-0.607575	0.186621	0.772026	0.0214202	
0	0	0	1	
167
0.594313	-0.52624	0.608163	-0.292813	
0.52127	0.827909	0.206986	-0.0779288	
-0.612429	0.194003	0.766351	0.0234999	
0	0	0	1	
168
0.585157	-0.53288	0.611252	-0.292874	
0.529452	0.821999	0.209757	-0.0802937	
-0.614224	0.200888	0.763133	0.0244314	
0	0	0	1	
169
0.570797	-0.536684	0.621419	-0.297261	
0.536158	0.816814	0.212955	-0.0818967	
-0.621873	0.211624	0.753982	0.0278634	
0	0	0	1	
170
0.557962	-0.543832	0.626837	-0.299552	
0.539516	0.81165	0.223936	-0.0875078	
-0.630556	0.213241	0.746276	0.0314797	
0	0	0	1	
171
0.544043	-0.550736	0.633014	-0.301856	
0.548549	0.804335	0.22834	-0.0903514	
-0.634911	0.223012	0.739699	0.034888	
0	0	0	1	
172
0.530278	-0.558525	0.637852	-0.303034	
0.555128	0.797374	0.236703	-0.0949579	
-0.640811	0.228571	0.732883	0.0377802	
0	0	0	1	
173
0.512092	-0.56421	0.647634	-0.306841	
0.562178	0.790228	0.243915	-0.09842	
-0.649398	0.239179	0.721856	0.0436236	
0	0	0	1	
174
0.49071	-0.570754	0.658364	-0.31124	
0.568083	0.782487	0.254941	-0.103772	
-0.66067	0.248904	0.70821	0.0504805	
0	0	0	1	
175
0.471449	-0.577489	0.666515	-0.314927	
0.573636	0.774853	0.265603	-0.108677	
-0.669834	0.257119	0.696572	0.0555016	
0	0	0	1	
176
0.455242	-0.585129	0.671103	-0.317034	
0.581404	0.766211	0.273659	-0.112159	
-0.674333	0.265601	0.689008	0.0591266	
0	0	0	1	
177
0.434783	-0.589501	0.680773	-0.322154	
0.585855	0.759279	0.283319	-0.116093	
-0.683914	0.275652	0.675484	0.0654312	
0	0	0	1	
178
0.417882	-0.594225	0.68722	-0.326187	
0.591433	0.752126	0.290712	-0.118553	
-0.689625	0.284962	0.665744	0.069081	
0	0	0	1	
179
0.404485	-0.598375	0.691621	-0.32938	
0.596053	0.746048	0.296871	-0.120285	
-0.693623	0.292163	0.658429	0.0720857	
0	0	0	1	
180
0.389058	-0.601228	0.697968	-0.333759	
0.601062	0.739841	0.302256	-0.121795	
-0.69811	0.301927	0.649217	0.0758736	
0	0	0	1	
181
0.376171	-0.605065	0.701706	-0.336935	
0.60489	0.734046	0.308681	-0.123906	
-0.701857	0.308338	0.642125	0.0786555	
0	0	0	1	
182
0.362377	-0.60871	0.705801	-0.339664	
0.606901	0.728833	0.316975	-0.127459	
-0.707357	0.313487	0.633539	0.0817686	
0	0	0	1	
183
0.349582	-0.611713	0.709648	-0.343395	
0.610511	0.723278	0.322716	-0.12897	
-0.710682	0.320432	0.626302	0.084957	
0	0	0	1	
184
0.339201	-0.61604	0.710941	-0.345585	
0.611112	0.718861	0.331332	-0.131801	
-0.715182	0.322077	0.620308	0.0872866	
0	0	0	1	
185
0.327168	-0.617879	0.714972	-0.348316	
0.615235	0.713563	0.335133	-0.132973	
-0.71725	0.330231	0.613596	0.0899274	
0	0	0	1	
186
0.318206	-0.620281	0.716936	-0.350205	
0.617642	0.709362	0.339593	-0.133776	
-0.71921	0.334749	0.608835	0.0917878	
0	0	0	1	
187
0.309255	-0.623354	0.718186	-0.35075	
0.6157	0.7068	0.348348	-0.137178	
-0.724758	0.334459	0.602381	0.0949143	
0	0	0	1	
188
0.292145	-0.621773	0.726671	-0.355708	
0.622511	0.700451	0.349068	-0.137533	
-0.726038	0.350382	0.591693	0.0987598	
0	0	0	1	
189
0.278642	-0.62489	0.729295	-0.357836	
0.620905	0.69654	0.359595	-0.14205	
-0.732691	0.352624	0.582083	0.10215	
0	0	0	1	
190
0.267825	-0.631065	0.728029	-0.357594	
0.625162	0.68879	0.36707	-0.144714	
-0.733104	0.356826	0.578993	0.103191	
0	0	0	1	
191
0.256124	-0.632804	0.730726	-0.359064	
0.626775	0.684212	0.372835	-0.147103	
-0.735903	0.362509	0.571869	0.106377	
0	0	0	1	
192
0.242556	-0.634728	0.733681	-0.360882	
0.627399	0.67946	0.380401	-0.149942	
-0.739957	0.368042	0.563034	0.110252	
0	0	0	1	
193
0.229046	-0.635795	0.73709	-0.362329	
0.627772	0.675189	0.387325	-0.152445	
-0.743935	0.374009	0.553785	0.113591	
0	0	0	1	
194
0.218623	-0.637182	0.739055	-0.363504	
0.628651	0.671231	0.392743	-0.154005	
-0.746326	0.378745	0.547311	0.116702	
0	0	0	1	
195
0.207978	-0.639229	0.740358	-0.364398	
0.629146	0.666981	0.399139	-0.156621	
-0.748946	0.382781	0.540886	0.11941	
0	0	0	1	
196
0.196836	-0.640426	0.742368	-0.366122	
0.631082	0.66223	0.403964	-0.15834	
-0.750327	0.388981	0.534512	0.121928	
0	0	0	1	
197
0.184552	-0.639937	0.745937	-0.368709	
0.6313	0.658883	0.409064	-0.160716	
-0.75326	0.395416	0.52559	0.125496	
0	0	0	1	
198
0.171733	-0.640567	0.748453	-0.371124	
0.635667	0.65247	0.412566	-0.162143	
-0.752619	0.404915	0.519238	0.128153	
0	0	0	1	
199
0.161412	-0.644227	0.747608	-0.371835	
0.636513	0.646878	0.42	-0.16575	
-0.754187	0.408069	0.514472	0.130044	
0	0	0	1	
200
0.146781	-0.646961	0.748262	-0.373647	
0.635922	0.641134	0.429592	-0.170237	
-0.757666	0.412781	0.505523	0.13388	
0	0	0	1	
201
0.125386	-0.647332	0.751824	-0.376747	
0.641674	0.630875	0.436177	-0.172896	
-0.756659	0.427736	0.49448	0.139193	
0	0	0	1	
202
0.105306	-0.649819	0.752759	-0.378733	
0.641254	0.622937	0.448043	-0.17857	
-0.760068	0.435528	0.482298	0.144073	
0	0	0	1	
203
0.0839017	-0.653146	0.75257	-0.380754	
0.644768	0.611409	0.458751	-0.18308	
-0.759759	0.446743	0.472426	0.14848	
0	0	0	1	
204
0.0637179	-0.655118	0.752835	-0.382559	
0.645653	0.60228	0.469458	-0.187287	
-0.760968	0.456157	0.461355	0.153174	
0	0	0	1	
205
0.0441371	-0.653812	0.755369	-0.385406	
0.642738	0.597427	0.47955	-0.191331	
-0.764813	0.464338	0.446599	0.159088	
0	0	0	1	
206
0.0245601	-0.65262	0.757287	-0.388615	
0.6431	0.590283	0.487841	-0.194342	
-0.765388	0.47503	0.434197	0.164159	
0	0	0	1	
207
0.00827774	-0.655301	0.755322	-0.388852	
0.643607	0.581588	0.497519	-0.197915	
-0.765311	0.482013	0.426571	0.167304	
0	0	0	1	
208
-0.00966897	-0.652574	0.757664	-0.39149	
0.643789	0.575712	0.504075	-0.200148	
-0.765142	0.492649	0.414553	0.172305	
0	0	0	1	
209
-0.0272734	-0.6558	0.754442	-0.391293	
0.640947	0.567691	0.516637	-0.205656	
-0.767101	0.497648	0.40485	0.177058	
0	0	0	1	
210
-0.047106	-0.65285	0.756021	-0.394143	
0.644633	0.558288	0.522267	-0.207919	
-0.76304	0.511957	0.39455	0.181687	
0	0	0	1	
211
-0.0691755	-0.650005	0.756774	-0.39642	
0.643865	0.550349	0.531558	-0.212702	
-0.762006	0.524031	0.380445	0.187078	
0	0	0	1	
212
-0.0837321	-0.654321	0.751567	-0.395156	
0.640474	0.54246	0.543627	-0.218244	
-0.763402	0.526878	0.373654	0.191203	
0	0	0	1	
213
-0.103788	-0.651776	0.751276	-0.396418	
0.635247	0.537775	0.55431	-0.223692	
-0.765304	0.534776	0.358224	0.197304	
0	0	0	1	
214
-0.117481	-0.651927	0.749126	-0.396366	
0.636044	0.529926	0.560916	-0.226644	
-0.762657	0.542374	0.352398	0.19939	
0	0	0	1	
215
-0.128544	-0.654494	0.74506	-0.394047	
0.629462	0.526703	0.57128	-0.231761	
-0.766325	0.542421	0.344275	0.203613	
0	0	0	1	
216
-0.138665	-0.654632	0.743121	-0.39147	
0.629547	0.520978	0.576413	-0.234091	
-0.764489	0.547758	0.33988	0.205591	
0	0	0	1	
217
-0.153086	-0.650961	0.743515	-0.391082	
0.631578	0.51422	0.580248	-0.235215	
-0.760049	0.558415	0.332413	0.209775	
0	0	0	1	
218
-0.159813	-0.654169	0.739272	-0.387052	
0.625414	0.512322	0.588544	-0.239191	
-0.763752	0.556408	0.327251	0.212264	
0	0	0	1	
219
-0.169566	-0.65292	0.738203	-0.385182	
0.624447	0.508316	0.593027	-0.240751	
-0.762439	0.561525	0.321521	0.215335	
0	0	0	1	
220
-0.17888	-0.650974	0.737723	-0.383493	
0.621186	0.506743	0.597778	-0.242467	
-0.762974	0.565194	0.31373	0.219265	
0	0	0	1	
221
-0.190876	-0.649441	0.736066	-0.381821	
0.619285	0.502122	0.603622	-0.245458	
-0.761612	0.571051	0.306346	0.22255	
0	0	0	1	
222
-0.201605	-0.651035	0.731785	-0.378638	
0.614992	0.497354	0.611902	-0.249122	
-0.762325	0.573404	0.300112	0.22682	
0	0	0	1	
223
-0.216795	-0.645339	0.732487	-0.3783	
0.61428	0.492983	0.616139	-0.251687	
-0.758723	0.583528	0.289543	0.232169	
0	0	0	1	
224
-0.227667	-0.645095	0.729397	-0.376381	
0.610778	0.488781	0.622932	-0.255367	
-0.758365	0.58732	0.282731	0.235223	
0	0	0	1	
225
-0.236472	-0.646139	0.725662	-0.373907	
0.609063	0.483328	0.628837	-0.259024	
-0.757049	0.590677	0.279246	0.237068	
0	0	0	1	
226
-0.25002	-0.641223	0.725482	-0.373772	
0.610351	0.477285	0.632195	-0.261506	
-0.75164	0.600859	0.27204	0.240368	
0	0	0	1	
227
-0.257464	-0.643965	0.720431	-0.370775	
0.605562	0.473468	0.639627	-0.265604	
-0.752999	0.600946	0.26806	0.24183	
0	0	0	1	
228
-0.271371	-0.640878	0.718076	-0.369315	
0.60664	0.465328	0.64456	-0.268055	
-0.747226	0.610528	0.262505	0.244895	
0	0	0	1	
229
-0.282656	-0.641573	0.713085	-0.365248	
0.605533	0.457204	0.651378	-0.271349	
-0.743932	0.615913	0.259262	0.247167	
0	0	0	1	
230
-0.300157	-0.631122	0.715256	-0.366116	
0.602669	0.455745	0.655047	-0.272834	
-0.739389	0.627679	0.243563	0.254337	
0	0	0	1	
231
-0.311143	-0.630962	0.710687	-0.362848	
0.596944	0.452126	0.662752	-0.276492	
-0.739492	0.630451	0.235973	0.258912	
0	0	0	1	
232
-0.323641	-0.627885	0.707825	-0.361027	
0.592101	0.44911	0.669116	-0.280363	
-0.73802	0.635658	0.226421	0.263428	
0	0	0	1	
233
-0.3356	-0.62627	0.703675	-0.359035	
0.589357	0.44315	0.675482	-0.284045	
-0.734868	0.641407	0.220376	0.266588	
0	0	0	1	
234
-0.349188	-0.622422	0.70047	-0.357557	
0.586886	0.437483	0.681303	-0.287405	
-0.730501	0.648999	0.212527	0.27079	
0	0	0	1	
235
-0.364321	-0.619106	0.695685	-0.354173	
0.584206	0.42982	0.688447	-0.291775	
-0.72524	0.657239	0.205093	0.275232	
0	0	0	1	
236
-0.378416	-0.615356	0.691475	-0.352224	
0.581414	0.423256	0.694847	-0.295287	
-0.720249	0.664975	0.19761	0.279862	
0	0	0	1	
237
-0.390983	-0.613739	0.685898	-0.349483	
0.579651	0.41467	0.701465	-0.298919	
-0.714938	0.671842	0.193626	0.282735	
0	0	0	1	
238
-0.402065	-0.612819	0.680292	-0.346333	
0.573868	0.410287	0.70876	-0.303143	
-0.713456	0.675365	0.186715	0.286637	
0	0	0	1	
239
-0.415621	-0.608486	0.676021	-0.344298	
0.570075	0.40487	0.714909	-0.306824	
-0.708713	0.682513	0.17861	0.291788	
0	0	0	1	
240
-0.429756	-0.602828	0.672241	-0.343343	
0.56671	0.399529	0.720567	-0.309915	
-0.702958	0.690633	0.169929	0.297015	
0	0	0	1	
241
-0.437994	-0.60576	0.664241	-0.339295	
0.559643	0.394516	0.728805	-0.314163	
-0.703535	0.69095	0.166214	0.300458	
0	0	0	1	
242
-0.449951	-0.600377	0.661129	-0.338255	
0.556973	0.390028	0.733252	-0.316832	
-0.698087	0.698158	0.1589	0.30462	
0	0	0	1	
243
-0.458468	-0.601082	0.654605	-0.335496	
0.55056	0.38611	0.740137	-0.320285	
-0.697633	0.699728	0.153912	0.308778	
0	0	0	1	
244
-0.465881	-0.599638	0.650683	-0.334265	
0.547597	0.382244	0.74433	-0.322538	
-0.695048	0.703082	0.15028	0.311437	
0	0	0	1	
245
-0.472504	-0.599266	0.646235	-0.331871	
0.541696	0.380925	0.749307	-0.325188	
-0.695202	0.704114	0.144632	0.315409	
0	0	0	1	
246
-0.478905	-0.597078	0.643543	-0.330281	
0.54156	0.376017	0.75188	-0.326352	
-0.690914	0.708597	0.143277	0.318459	
0	0	0	1	
247
-0.483371	-0.597597	0.63971	-0.328828	
0.538392	0.373273	0.755514	-0.327878	
-0.69028	0.709609	0.141312	0.319495	
0	0	0	1	
248
-0.489176	-0.596859	0.635976	-0.327063	
0.531897	0.373738	0.759872	-0.329158	
-0.691225	0.709985	0.134644	0.324896	
0	0	0	1	
249
-0.494451	-0.595301	0.633353	-0.326136	
0.527497	0.373626	0.762988	-0.329822	
-0.690844	0.711351	0.12928	0.328809	
0	0	0	1	
250
-0.496868	-0.596789	0.630051	-0.324376	
0.522803	0.37364	0.766205	-0.330632	
-0.692675	0.710095	0.126353	0.331447	
0	0	0	1	
251
-0.503745	-0.589942	0.631039	-0.325459	
0.525451	0.370565	0.765887	-0.330423	
-0.68567	0.717391	0.123315	0.334281	
0	0	0	1	
252
-0.506984	-0.594144	0.624468	-0.322655	
0.516504	0.370597	0.771933	-0.33295	
-0.690065	0.713898	0.118991	0.338042	
0	0	0	1	
253
-0.510198	-0.594557	0.621451	-0.321344	
0.513955	0.368595	0.774589	-0.334356	
-0.689601	0.714591	0.117519	0.339663	
0	0	0	1	
254
-0.515974	-0.593276	0.617895	-0.319924	
0.510713	0.366047	0.777934	-0.335818	
-0.687709	0.71696	0.114123	0.342902	
0	0	0	1	
255
-0.522199	-0.592377	0.613513	-0.318501	
0.505848	0.364031	0.782048	-0.337878	
-0.686605	0.718729	0.109556	0.346225	
0	0	0	1	
256
-0.529142	-0.589168	0.610647	-0.317626	
0.50032	0.364612	0.785327	-0.339675	
-0.685339	0.721068	0.101841	0.350454	
0	0	0	1	
257
-0.536158	-0.588021	0.605613	-0.314969	
0.496739	0.360282	0.789587	-0.341887	
-0.682484	0.724174	0.0989253	0.353196	
0	0	0	1	
258
-0.542502	-0.586901	0.601032	-0.31296	
0.491455	0.358519	0.793685	-0.344294	
-0.681296	0.725955	0.0939383	0.356768	
0	0	0	1	
259
-0.546349	-0.586805	0.597631	-0.31199	
0.493902	0.350552	0.795722	-0.345286	
-0.676434	0.729913	0.0983007	0.356547	
0	0	0	1	
260
-0.551476	-0.586158	0.593542	-0.310226	
0.485639	0.35292	0.799751	-0.347554	
-0.678254	0.729291	0.0900342	0.360992	
0	0	0	1	
261
-0.558163	-0.582541	0.590847	-0.30985	
0.484375	0.349393	0.802063	-0.349259	
-0.673673	0.733873	0.0871497	0.363724	
0	0	0	1	
262
-0.561576	-0.583452	0.586699	-0.308979	
0.48396	0.343514	0.804848	-0.350862	
-0.67113	0.735922	0.089458	0.363724	
0	0	0	1	
263
-0.56513	-0.581745	0.58498	-0.308541	
0.481603	0.343081	0.806445	-0.351715	
-0.669841	0.737474	0.086285	0.366813	
0	0	0	1	
264
-0.570366	-0.57854	0.583073	-0.30849	
0.481308	0.339822	0.808	-0.35298	
-0.665601	0.741493	0.0846332	0.368567	
0	0	0	1	
265
-0.576349	-0.579578	0.576117	-0.305081	
0.471361	0.340123	0.813717	-0.355822	
-0.667563	0.740544	0.0771606	0.374314	
0	0	0	1	
266
-0.58388	-0.57413	0.573985	-0.304145	
0.472778	0.334296	0.815308	-0.356713	
-0.659973	0.74741	0.0762478	0.375989	
0	0	0	1	
267
-0.588946	-0.57229	0.570637	-0.302639	
0.467743	0.334432	0.818151	-0.358262	
-0.659059	0.748758	0.0707226	0.379748	
0	0	0	1	
268
-0.597707	-0.565151	0.56864	-0.301237	
0.465255	0.333112	0.820106	-0.359873	
-0.652904	0.754746	0.0638362	0.383047	
0	0	0	1	
269
-0.6017	-0.564003	0.56556	-0.299045	
0.461402	0.332541	0.822511	-0.360944	
-0.651971	0.755855	0.0601418	0.386722	
0	0	0	1	
270
-0.604574	-0.563702	0.562788	-0.297408	
0.460371	0.329302	0.82439	-0.362052	
-0.650037	0.757496	0.0604247	0.387072	
0	0	0	1	
271
-0.603666	-0.567894	0.55954	-0.295619	
0.457663	0.327832	0.826481	-0.362982	
-0.652788	0.754999	0.0620026	0.387475	
0	0	0	1	
272
-0.607405	-0.565073	0.558347	-0.295274	
0.454264	0.329532	0.827679	-0.363935	
-0.651692	0.756374	0.0565329	0.389059	
0	0	0	1	
273
-0.609673	-0.564518	0.556433	-0.294254	
0.450157	0.331211	0.829251	-0.365009	
-0.652424	0.756054	0.0521917	0.390857	
0	0	0	1	
274
-0.609669	-0.563094	0.557878	-0.295361	
0.457924	0.324272	0.82774	-0.364482	
-0.647	0.760113	0.0601558	0.386907	
0	0	0	1	
275
-0.609473	-0.563941	0.557236	-0.294868	
0.456449	0.325085	0.828235	-0.364835	
-0.648226	0.759137	0.0592797	0.387978	
0	0	0	1	
276
-0.61058	-0.55924	0.560752	-0.29729	
0.459875	0.326085	0.825944	-0.364486	
-0.644754	0.762181	0.058079	0.387603	
0	0	0	1	
277
-0.609959	-0.560333	0.560336	-0.298169	
0.457904	0.327877	0.82633	-0.365269	
-0.646742	0.760607	0.0565876	0.388415	
0	0	0	1	
278
-0.609603	-0.557937	0.563107	-0.301223	
0.460753	0.328655	0.824435	-0.365606	
-0.645051	0.762031	0.0567215	0.387698	
0	0	0	1	
279
-0.607205	-0.558794	0.564847	-0.304076	
0.46184	0.330253	0.823187	-0.365538	
-0.646534	0.760712	0.0575423	0.386951	
0	0	0	1	
280
-0.60377	-0.559131	0.568185	-0.307519	
0.467032	0.329517	0.820548	-0.364685	
-0.646021	0.760783	0.0621795	0.384308	
0	0	0	1	
281
-0.602409	-0.556991	0.57172	-0.310625	
0.470937	0.330294	0.818	-0.363956	
-0.644455	0.762015	0.0633352	0.382799	
0	0	0	1	
282
-0.599682	-0.558168	0.573437	-0.312029	
0.470469	0.333751	0.816866	-0.364366	
-0.647334	0.759644	0.0624558	0.384025	
0	0	0	1	
283
-0.599944	-0.555856	0.575405	-0.314521	
0.475956	0.330121	0.81516	-0.365301	
-0.643065	0.762918	0.0665092	0.381372	
0	0	0	1	
284
-0.599079	-0.553683	0.578394	-0.318355	
0.478217	0.331953	0.81309	-0.365647	
-0.642194	0.763703	0.0659145	0.381405	
0	0	0	1	
285
-0.594756	-0.556221	0.580416	-0.320647	
0.481732	0.331414	0.811233	-0.366079	
-0.643583	0.762091	0.0708393	0.379572	
0	0	0	1	
286
-0.59308	-0.556901	0.581479	-0.321853	
0.482482	0.332345	0.810406	-0.366807	
-0.644568	0.761188	0.0715871	0.379885	
0	0	0	1	
287
-0.594886	-0.55228	0.584035	-0.32325	
0.48361	0.334454	0.808864	-0.367316	
-0.642053	0.763628	0.068126	0.382499	
0	0	0	1	
288
-0.598052	-0.546491	0.586243	-0.325691	
0.485666	0.334756	0.807507	-0.36797	
-0.637544	0.767649	0.0652108	0.38297	
0	0	0	1	
289
-0.599243	-0.542602	0.588635	-0.329102	
0.487984	0.335318	0.805874	-0.367752	
-0.634649	0.770159	0.0638442	0.384162	
0	0	0	1	
290
-0.594922	-0.549775	0.586357	-0.331975	
0.484968	0.336237	0.807311	-0.368346	
-0.640995	0.764651	0.0665882	0.383938	
0	0	0	1	
291
-0.592694	-0.554539	0.584123	-0.3335	
0.482956	0.335699	0.808739	-0.369414	
-0.644567	0.761441	0.0688515	0.383791	
0	0	0	1	
292
-0.592866	-0.553403	0.585025	-0.334993	
0.486088	0.333276	0.807865	-0.369619	
-0.64205	0.763329	0.0714146	0.382356	
0	0	0	1	
293
-0.593879	-0.553825	0.583597	-0.3363	
0.480799	0.337296	0.80936	-0.369742	
-0.645089	0.761255	0.0659661	0.386234	
0	0	0	1	
294
-0.593469	-0.554097	0.583755	-0.339138	
0.480911	0.337458	0.809226	-0.369252	
-0.645383	0.760985	0.0662004	0.38601	
0	0	0	1	
295
-0.592826	-0.555215	0.583347	-0.339637	
0.481404	0.336379	0.809382	-0.369382	
-0.645607	0.760648	0.0678683	0.385489	
0	0	0	1	
296
-0.590533	-0.556088	0.584839	-0.341078	
0.486232	0.333218	0.807802	-0.368594	
-0.644088	0.761401	0.0736116	0.384486	
0	0	0	1	
297
-0.593573	-0.556537	0.581324	-0.340332	
0.478137	0.337157	0.810993	-0.369911	
-0.647345	0.759336	0.0659738	0.387943	
0	0	0	1	
298
-0.591435	-0.561579	0.578649	-0.337986	
0.477337	0.334533	0.812549	-0.370449	
-0.649888	0.75678	0.070208	0.386991	
0	0	0	1	
299
-0.599985	-0.552155	0.578916	-0.337496	
0.476595	0.334515	0.812992	-0.371358	
-0.642554	0.763691	0.06245	0.389445	
0	0	0	1	
300
-0.60324	-0.552272	0.575411	-0.337291	
0.477633	0.327627	0.815185	-0.372005	
-0.638724	0.766588	0.0661457	0.38893	
0	0	0	1	
301
-0.604055	-0.556106	0.570844	-0.335655	
0.468719	0.331395	0.818828	-0.373802	
-0.644531	0.762183	0.0604766	0.391105	
0	0	0	1	
302
-0.610629	-0.553349	0.566512	-0.33373	
0.470805	0.321553	0.821551	-0.374507	
-0.636768	0.76838	0.0641699	0.389983	
0	0	0	1	
303
-0.616239	-0.555204	0.558568	-0.330011	
0.460204	0.321697	0.82748	-0.377065	
-0.63911	0.766981	0.0572647	0.393907	
0	0	0	1	
304
-0.6208	-0.556582	0.552109	-0.326616	
