0
1	0	0	0	
3.72529e-009	1	0	3.72529e-008	
-5.58794e-009	0	1	0	
0	0	0	1	
1
0.99999	0.00202877	0.0039182	-0.00215932	
-0.00202722	0.999998	-0.000398278	-0.000454113	
-0.00391901	0.000390321	0.999992	-0.000364006	
0	0	0	1	
2
0.999998	0.000101762	0.00176381	-0.00163148	
-9.6757e-005	0.999996	-0.0028353	0.000364125	
-0.0017641	0.00283515	0.999994	-0.000779986	
0	0	0	1	
3
0.999995	0.000194838	0.00322178	-0.00248501	
-0.000187693	0.999997	-0.00221664	-0.000382461	
-0.00322222	0.00221604	0.999992	-0.000627279	
0	0	0	1	
4
0.999984	0.000320237	0.00573419	-0.00395185	
-0.000291383	0.999987	-0.00503221	0.000628076	
-0.00573574	0.00503048	0.999971	-0.000257671	
0	0	0	1	
5
0.999994	0.00134902	0.00308865	-0.00383829	
-0.00134448	0.999998	-0.00147438	-0.00138389	
-0.00309064	0.00147024	0.999994	-0.0012753	
0	0	0	1	
6
0.999999	0.00110323	-0.000331467	-0.00356416	
-0.00110402	0.999996	-0.0024001	-0.000715353	
0.000328815	0.00240046	0.999997	-0.00140607	
0	0	0	1	
7
0.999998	0.00157049	-0.00155032	-0.00389674	
-0.00157811	0.999987	-0.00492144	0.00111526	
0.00154255	0.00492382	0.999987	-0.000318408	
0	0	0	1	
8
0.999985	0.00504242	0.00202978	-0.00634951	
-0.00503676	0.999983	-0.00278243	0.000616565	
-0.00204378	0.00277218	0.999994	-0.00030148	
0	0	0	1	
9
0.99999	0.00442052	0.0010878	-0.00661878	
-0.00442252	0.999989	0.00184852	-0.000794895	
-0.00107963	-0.00185329	0.999998	-0.000311255	
0	0	0	1	
10
0.99999	0.00429633	-0.000836376	-0.00640547	
-0.00429492	0.999989	0.00168011	-0.000385873	
0.000843571	-0.00167653	0.999998	0.000842452	
0	0	0	1	
11
0.999993	0.00191269	-0.00329686	-0.00503547	
-0.00191424	0.999998	-0.000469565	9.76399e-005	
0.00329595	0.000475883	0.999994	0.0010094	
0	0	0	1	
12
0.999989	0.00451592	-0.00131757	-0.00597508	
-0.00451382	0.999989	0.00159103	-0.00207116	
0.00132473	-0.00158507	0.999998	0.000960886	
0	0	0	1	
13
0.999995	0.00196061	-0.00261552	-0.0053871	
-0.00196612	0.999996	-0.00210461	-0.000799358	
0.00261137	0.00210974	0.999994	0.000608087	
0	0	0	1	
14
1	0.00018548	0.000572575	-0.00685918	
-0.000184266	0.999998	-0.0021182	-0.000915885	
-0.000572978	0.00211808	0.999998	0.000490546	
0	0	0	1	
15
0.999997	0.00147733	-0.00169214	-0.00601579	
-0.00147932	0.999998	-0.00117612	-0.00170858	
0.00169039	0.00117862	0.999998	0.000307083	
0	0	0	1	
16
0.999998	0.000889113	-0.00165851	-0.00608262	
-0.000891518	0.999999	-0.00144827	-0.00177691	
0.00165721	0.00144976	0.999998	-0.000266492	
0	0	0	1	
17
0.999989	-0.00224132	-0.00409178	-0.00491212	
0.00223929	0.999997	-0.000503987	-0.00307862	
0.00409289	0.000494778	0.999992	-0.000861526	
0	0	0	1	
18
0.999992	-0.00319547	-0.00221347	-0.00547551	
0.0031878	0.999989	-0.00345853	-0.00233935	
0.00222449	0.00345144	0.999992	-0.00070107	
0	0	0	1	
19
0.999994	-0.00243322	0.00226434	-0.00807888	
0.00244534	0.999983	-0.00536212	-0.00175256	
-0.00225127	0.00536764	0.999983	-0.00167698	
0	0	0	1	
20
0.999995	-0.00301968	0.000441825	-0.00779179	
0.00302178	0.999984	-0.00481522	-0.00163257	
-0.00042728	0.00481656	0.999988	-0.00234467	
0	0	0	1	
21
0.999991	-0.00433219	-5.66803e-005	-0.0072551	
0.00433188	0.99998	-0.00469714	-0.00186972	
7.70185e-005	0.00469688	0.999989	-0.00225192	
0	0	0	1	
22
0.999988	-0.00493798	-0.000263674	-0.00672404	
0.00493568	0.999955	-0.00811177	-0.00109793	
0.000303708	0.00811037	0.999967	-0.00378251	
0	0	0	1	
23
0.999974	-0.00382863	0.00613392	-0.0101873	
0.00390673	0.999911	-0.0127716	0.00100993	
-0.00608448	0.0127952	0.9999	-0.00442034	
0	0	0	1	
24
0.999977	-0.00577441	0.00343771	-0.0097269	
0.00579841	0.999959	-0.00701168	-0.00168481	
-0.00339709	0.0070315	0.999969	-0.00522858	
0	0	0	1	
25
0.999951	-0.00940836	0.00308735	-0.00984701	
0.00943574	0.999915	-0.00897637	-0.000537328	
-0.00300264	0.00900507	0.999955	-0.00419754	
0	0	0	1	
26
0.999935	-0.0111967	0.00225341	-0.00910289	
0.011213	0.99991	-0.00736332	-0.00118809	
-0.00217078	0.00738811	0.99997	-0.00480938	
0	0	0	1	
27
0.999905	-0.0114341	0.00768487	-0.0120766	
0.0114749	0.99992	-0.00528446	-0.00182654	
-0.00762384	0.00537214	0.999956	-0.00537395	
0	0	0	1	
28
0.999883	-0.0142446	0.00562563	-0.0127847	
0.0142988	0.999851	-0.0097149	0.0014547	
-0.00548641	0.00979421	0.999937	-0.005207	
0	0	0	1	
29
0.999857	-0.0161763	0.00501255	-0.0143789	
0.016213	0.999841	-0.00737426	0.00158744	
-0.00489248	0.00745451	0.99996	-0.00588137	
0	0	0	1	
30
0.999825	-0.0185351	-0.00241942	-0.0114763	
0.0185359	0.999828	0.000318199	-0.00175942	
0.0024131	-0.000362992	0.999997	-0.00603867	
0	0	0	1	
31
0.999764	-0.0216578	0.00159487	-0.0136084	
0.0216604	0.999764	-0.00161272	-0.0010041	
-0.00155957	0.00164688	0.999997	-0.00674868	
0	0	0	1	
32
0.999734	-0.023046	0.000869974	-0.0139232	
0.0230463	0.999734	-0.000336975	-0.00199777	
-0.000861991	0.000356942	1	-0.00641179	
0	0	0	1	
33
0.999692	-0.0248114	-0.000229112	-0.0139862	
0.0248116	0.999692	0.00092867	-0.00425648	
0.000205992	-0.000934094	1	-0.00743222	
0	0	0	1	
34
0.999636	-0.0267884	0.00310047	-0.0151398	
0.0267968	0.999637	-0.00271767	-0.00423641	
-0.00302655	0.00279978	0.999992	-0.00789243	
0	0	0	1	
35
0.999537	-0.0301622	0.00408298	-0.0151799	
0.0301908	0.999519	-0.00712159	-0.00242501	
-0.00386622	0.00724161	0.999966	-0.00783437	
0	0	0	1	
36
0.999458	-0.0323517	0.00602334	-0.0160557	
0.0323903	0.999455	-0.00642279	-0.00201914	
-0.00581227	0.00661445	0.999961	-0.00775409	
0	0	0	1	
37
0.999342	-0.0360449	0.00399384	-0.0147052	
0.0360586	0.999344	-0.00341317	-0.00348052	
-0.00386821	0.00355494	0.999986	-0.00759846	
0	0	0	1	
38
0.999244	-0.0387009	0.00379891	-0.0136584	
0.0387082	0.999249	-0.00186318	-0.00459755	
-0.00372396	0.00200877	0.999991	-0.00705045	
0	0	0	1	
39
0.999042	-0.0433833	0.00577734	-0.013251	
0.0433965	0.999056	-0.00216338	-0.00450087	
-0.00567804	0.00241208	0.999981	-0.00784469	
0	0	0	1	
40
0.998957	-0.0438826	0.0126126	-0.0159669	
0.0438832	0.999037	0.000227362	-0.00544295	
-0.0126104	0.000326395	0.99992	-0.00725883	
0	0	0	1	
41
0.99874	-0.0494188	0.00870187	-0.013356	
0.0494485	0.998771	-0.00323498	-0.00380812	
-0.00853132	0.00366119	0.999957	-0.00587052	
0	0	0	1	
42
0.99854	-0.0527488	0.0116001	-0.0136886	
0.0527698	0.998606	-0.00151375	-0.00526793	
-0.0115041	0.00212362	0.999932	-0.00685507	
0	0	0	1	
43
0.998361	-0.0555187	0.0138602	-0.0135808	
0.055529	0.998457	-0.000358582	-0.00659432	
-0.0138189	0.00112766	0.999904	-0.00725853	
0	0	0	1	
44
0.998334	-0.0552542	0.0166275	-0.0147701	
0.0552892	0.998469	-0.00165477	-0.0068268	
-0.0165106	0.00257134	0.99986	-0.00753754	
0	0	0	1	
45
0.998265	-0.0568817	0.0152348	-0.0147556	
0.0569535	0.998368	-0.00431988	-0.00623294	
-0.0149642	0.00518009	0.999875	-0.00809717	
0	0	0	1	
46
0.998235	-0.0572286	0.0158799	-0.0155487	
0.0573476	0.998329	-0.0071412	-0.00515745	
-0.0154447	0.0080393	0.999848	-0.0078429	
0	0	0	1	
47
0.998313	-0.0553148	0.0176403	-0.0162612	
0.0554112	0.998451	-0.00502485	-0.00655882	
-0.017335	0.00599393	0.999832	-0.00856012	
0	0	0	1	
48
0.998083	-0.057427	0.0230923	-0.0188204	
0.057602	0.998315	-0.00698635	-0.00634129	
-0.0226522	0.0083032	0.999709	-0.00886261	
0	0	0	1	
49
0.997717	-0.0613137	0.028293	-0.0221354	
0.0615231	0.998084	-0.006589	-0.00722856	
-0.0278348	0.00831464	0.999578	-0.0098117	
0	0	0	1	
50
0.997323	-0.0651298	0.0332461	-0.0255455	
0.0654386	0.997822	-0.00828475	-0.00698811	
-0.0326341	0.0104381	0.999413	-0.00982612	
0	0	0	1	
51
0.996612	-0.072019	0.0397127	-0.0296363	
0.0724458	0.997328	-0.00941312	-0.00689509	
-0.0389287	0.0122583	0.999167	-0.0106329	
0	0	0	1	
52
0.995832	-0.077506	0.0480852	-0.0349285	
0.0781133	0.996885	-0.0108793	-0.00650311	
-0.0470922	0.0145901	0.998784	-0.0110811	
0	0	0	1	
53
0.994788	-0.0820215	0.0605789	-0.0424069	
0.0827683	0.996519	-0.00991908	-0.00720648	
-0.0595544	0.0148813	0.998114	-0.0118609	
0	0	0	1	
54
0.993586	-0.0900737	0.0683654	-0.0476702	
0.0910824	0.995774	-0.0117784	-0.00659872	
-0.0670156	0.0179297	0.997591	-0.0126029	
0	0	0	1	
55
0.992143	-0.0977443	0.0780907	-0.0540371	
0.0989904	0.995013	-0.0122383	-0.00669543	
-0.076505	0.0198723	0.996871	-0.0131217	
0	0	0	1	
56
0.990761	-0.103342	0.0878263	-0.0602417	
0.10471	0.994441	-0.0111032	-0.00756164	
-0.0861907	0.0201969	0.996074	-0.0142537	
0	0	0	1	
57
0.988571	-0.114945	0.0975416	-0.0661035	
0.116683	0.993093	-0.0122935	-0.00641522	
-0.0954548	0.0235345	0.995156	-0.0146024	
0	0	0	1	
58
0.986073	-0.126266	0.10824	-0.0729095	
0.128296	0.991664	-0.0119669	-0.00585847	
-0.105827	0.025687	0.994053	-0.0147324	
0	0	0	1	
59
0.983453	-0.137799	0.117611	-0.0789197	
0.139876	0.990123	-0.00955096	-0.00615526	
-0.115133	0.0258439	0.993014	-0.0155371	
0	0	0	1	
60
0.979908	-0.152128	0.128985	-0.0850352	
0.154405	0.987977	-0.00778234	-0.00526512	
-0.126251	0.0275421	0.991616	-0.0145273	
0	0	0	1	
61
0.974644	-0.163642	0.152613	-0.0965144	
0.165368	0.986231	0.00140098	-0.00826193	
-0.150741	0.0238718	0.988285	-0.0146017	
0	0	0	1	
62
0.969454	-0.179578	0.167067	-0.103317	
0.180819	0.983485	0.00787812	-0.00899147	
-0.165723	0.0225715	0.985914	-0.0136268	
0	0	0	1	
63
0.963643	-0.192938	0.184845	-0.11165	
0.194072	0.980912	0.0121107	-0.00900084	
-0.183654	0.0242031	0.982693	-0.0121499	
0	0	0	1	
64
0.958943	-0.209087	0.191602	-0.11489	
0.208877	0.977705	0.0215268	-0.0112036	
-0.191831	0.0193782	0.981237	-0.010321	
0	0	0	1	
65
0.953126	-0.22606	0.201116	-0.11825	
0.224913	0.973952	0.0288486	-0.0137962	
-0.202399	0.0177373	0.979142	-0.00887179	
0	0	0	1	
66
0.945848	-0.24307	0.215147	-0.123132	
0.241407	0.969815	0.034386	-0.016042	
-0.21701	0.019414	0.975976	-0.00674421	
0	0	0	1	
67
0.94013	-0.255966	0.225025	-0.126793	
0.253624	0.966485	0.0397651	-0.0182115	
-0.227662	0.0196873	0.973541	-0.00524336	
0	0	0	1	
68
0.934315	-0.27054	0.232086	-0.128971	
0.268001	0.962457	0.043027	-0.0189971	
-0.235014	0.0219986	0.971743	-0.00361586	
0	0	0	1	
69
0.928263	-0.283223	0.241064	-0.131565	
0.279696	0.958813	0.0494746	-0.0216723	
-0.245148	0.0214993	0.969247	-0.00177145	
0	0	0	1	
70
0.922293	-0.291436	0.253851	-0.136309	
0.286094	0.956409	0.0585786	-0.0266118	
-0.259858	0.0185985	0.965468	0.000749469	
0	0	0	1	
71
0.915373	-0.300657	0.267765	-0.142602	
0.294619	0.953506	0.0634586	-0.0299353	
-0.274394	0.0208004	0.961392	0.00343424	
0	0	0	1	
72
0.907748	-0.313486	0.278783	-0.148558	
0.30767	0.94923	0.0655864	-0.0319526	
-0.285189	0.026237	0.958112	0.00578141	
0	0	0	1	
73
0.901514	-0.325033	0.285704	-0.153193	
0.318988	0.945256	0.0688354	-0.0343121	
-0.292437	0.0290804	0.955842	0.00707197	
0	0	0	1	
74
0.895599	-0.338172	0.289037	-0.155551	
0.330894	0.940661	0.0752743	-0.0375538	
-0.297341	0.0282249	0.954354	0.00769585	
0	0	0	1	
75
0.888512	-0.347839	0.299256	-0.161211	
0.34003	0.93704	0.0795921	-0.0398715	
-0.3081	0.0310374	0.950848	0.0105263	
0	0	0	1	
76
0.882206	-0.352216	0.312501	-0.168789	
0.34369	0.935324	0.0839374	-0.0430932	
-0.321854	0.0333536	0.946202	0.0133071	
0	0	0	1	
77
0.877081	-0.362475	0.315184	-0.171046	
0.354693	0.93121	0.0839052	-0.0442957	
-0.323916	0.0382017	0.945314	0.0149231	
0	0	0	1	
78
0.872587	-0.367167	0.32215	-0.175975	
0.359119	0.929282	0.0864156	-0.0462398	
-0.331097	0.0402851	0.942736	0.0164304	
0	0	0	1	
79
0.871546	-0.369568	0.322222	-0.176962	
0.36002	0.928483	0.0911275	-0.0490033	
-0.332855	0.0365847	0.942268	0.0162818	
0	0	0	1	
80
0.870981	-0.371184	0.321891	-0.176676	
0.364167	0.927521	0.0841871	-0.0461618	
-0.32981	0.0438967	0.943026	0.01645	
0	0	0	1	
81
0.870939	-0.370642	0.322629	-0.17655	
0.363576	0.92774	0.0843278	-0.0462938	
-0.330572	0.043856	0.942761	0.016595	
0	0	0	1	
82
0.869781	-0.370378	0.326039	-0.177015	
0.363786	0.927739	0.0834261	-0.0456493	
-0.333379	0.0460462	0.941668	0.017354	
0	0	0	1	
83
0.869759	-0.36909	0.327555	-0.177411	
0.360791	0.928468	0.0881906	-0.0476963	
-0.336674	0.0414742	0.940707	0.0173963	
0	0	0	1	
84
0.86931	-0.369226	0.32859	-0.178843	
0.35991	0.928521	0.0911793	-0.0490654	
-0.338769	0.0389998	0.940061	0.0161654	
0	0	0	1	
85
0.869263	-0.369852	0.32801	-0.178882	
0.360447	0.928284	0.0914738	-0.0489559	
-0.338318	0.0387154	0.940235	0.0157664	
0	0	0	1	
86
0.869156	-0.368554	0.329751	-0.1796	
0.361117	0.928548	0.0859851	-0.0468	
-0.33788	0.0443444	0.940144	0.0154153	
0	0	0	1	
87
0.869211	-0.369777	0.328234	-0.178718	
0.361499	0.928177	0.08835	-0.048219	
-0.337329	0.0418614	0.940456	0.0151421	
0	0	0	1	
88
0.868655	-0.370355	0.329053	-0.17932	
0.362058	0.927933	0.0886238	-0.0489682	
-0.338162	0.0421528	0.940144	0.01455	
0	0	0	1	
89
0.868364	-0.369055	0.331272	-0.18108	
0.360916	0.928415	0.0882348	-0.0495056	
-0.340122	0.0429416	0.9394	0.0146551	
0	0	0	1	
90
0.868862	-0.370592	0.328238	-0.180154	
0.362293	0.927847	0.0885632	-0.0501031	
-0.337375	0.0419692	0.940434	0.0136836	
0	0	0	1	
91
0.869238	-0.370963	0.32682	-0.17986	
0.362514	0.927732	0.0888667	-0.0504357	
-0.336168	0.0412307	0.940899	0.0134995	
0	0	0	1	
92
0.868388	-0.370786	0.32927	-0.181249	
0.363356	0.927643	0.0863217	-0.0492786	
-0.337452	0.0446816	0.940282	0.0130702	
0	0	0	1	
93
0.867175	-0.370423	0.332858	-0.183502	
0.363878	0.927622	0.0843191	-0.0480109	
-0.34	0.0480002	0.9392	0.0143822	
0	0	0	1	
94
0.868094	-0.371789	0.328917	-0.181845	
0.365033	0.927145	0.0845785	-0.0481727	
-0.336399	0.0466433	0.940564	0.0133872	
0	0	0	1	
95
0.865358	-0.371671	0.336178	-0.185551	
0.36581	0.926963	0.083197	-0.0483549	
-0.342547	0.0509823	0.938116	0.0150833	
0	0	0	1	
96
0.862655	-0.374648	0.339803	-0.187317	
0.369654	0.925543	0.0820141	-0.0484486	
-0.345228	0.0548597	0.936914	0.0144957	
0	0	0	1	
97
0.860904	-0.375993	0.342744	-0.188833	
0.370173	0.925066	0.0850045	-0.0503864	
-0.349022	0.0536939	0.935575	0.0146924	
0	0	0	1	
98
0.85636	-0.38066	0.348921	-0.191704	
0.375806	0.922843	0.0844446	-0.0510377	
-0.354144	0.0588115	0.93334	0.0162085	
0	0	0	1	
99
0.850217	-0.386414	0.357513	-0.195611	
0.38255	0.920047	0.0846652	-0.0523154	
-0.361645	0.0647828	0.930062	0.0169526	
0	0	0	1	
100
0.843251	-0.391502	0.368314	-0.201085	
0.388028	0.91754	0.0869201	-0.054224	
-0.371972	0.0696205	0.925629	0.0191382	
0	0	0	1	
101
0.835213	-0.397296	0.38023	-0.207311	
0.393926	0.914682	0.0904379	-0.0559195	
-0.383721	0.0742479	0.92046	0.0206965	
0	0	0	1	
102
0.829197	-0.409263	0.380705	-0.207294	
0.404809	0.909361	0.0958797	-0.0588184	
-0.385438	0.0746095	0.919712	0.0201285	
0	0	0	1	
103
0.820401	-0.416039	0.392241	-0.213016	
0.413826	0.905407	0.0947909	-0.0582293	
-0.394575	0.0845533	0.914965	0.0235794	
0	0	0	1	
104
0.809203	-0.42449	0.4062	-0.22016	
0.421359	0.901108	0.10228	-0.061929	
-0.409446	0.088391	0.908042	0.0267394	
0	0	0	1	
105
0.789271	-0.441647	0.426614	-0.231367	
0.438863	0.891654	0.111141	-0.066156	
-0.429478	0.099505	0.897579	0.0316179	
0	0	0	1	
106
0.779801	-0.449045	0.436198	-0.236554	
0.446375	0.887361	0.115502	-0.0680638	
-0.438931	0.104639	0.892407	0.0330586	
0	0	0	1	
107
0.768991	-0.45896	0.44498	-0.240916	
0.457714	0.881243	0.117932	-0.0691729	
-0.446262	0.112985	0.887741	0.0359182	
0	0	0	1	
108
0.762619	-0.463759	0.450931	-0.244721	
0.45863	0.879267	0.128641	-0.0746706	
-0.456147	0.108706	0.88324	0.0356598	
0	0	0	1	
109
0.751778	-0.470355	0.462165	-0.250656	
0.466609	0.874682	0.131176	-0.074989	
-0.465947	0.117035	0.877038	0.0381398	
0	0	0	1	
110
0.743453	-0.475434	0.470362	-0.255168	
0.47398	0.870742	0.130961	-0.0743209	
-0.471827	0.125579	0.872702	0.0408214	
0	0	0	1	
111
0.733395	-0.481232	0.480154	-0.26053	
0.48243	0.866063	0.131137	-0.0743997	
-0.478951	0.135465	0.867326	0.0423585	
0	0	0	1	
112
0.727235	-0.485158	0.485542	-0.264492	
0.485432	0.863648	0.135895	-0.0766368	
-0.485268	0.13687	0.863586	0.0414869	
0	0	0	1	
113
0.72086	-0.49071	0.489453	-0.267486	
0.488613	0.860661	0.143249	-0.0798777	
-0.491547	0.135891	0.860183	0.0422419	
0	0	0	1	
114
0.715581	-0.4941	0.493771	-0.270437	
0.496922	0.856866	0.13729	-0.0766201	
-0.49093	0.147123	0.858686	0.0416561	
0	0	0	1	
115
0.700583	-0.501111	0.508006	-0.278459	
0.502343	0.851971	0.147635	-0.0799117	
-0.506788	0.151763	0.848607	0.0439221	
0	0	0	1	
116
0.692286	-0.506741	0.513763	-0.281842	
0.506923	0.848206	0.153543	-0.0822188	
-0.513584	0.154143	0.84408	0.0450057	
0	0	0	1	
117
0.681122	-0.51662	0.518821	-0.285204	
0.519186	0.840438	0.155272	-0.0822064	
-0.516254	0.163606	0.840663	0.0456057	
0	0	0	1	
118
0.666135	-0.519546	0.535103	-0.294018	
0.52286	0.836939	0.161712	-0.0845323	
-0.531866	0.172062	0.829164	0.0507987	
0	0	0	1	
119
0.654425	-0.527717	0.541519	-0.297493	
0.529374	0.831139	0.170207	-0.0883389	
-0.539899	0.175278	0.823278	0.0521944	
0	0	0	1	
120
0.642535	-0.53611	0.54748	-0.301262	
0.537414	0.824589	0.176744	-0.0912928	
-0.546201	0.180659	0.81794	0.0544121	
0	0	0	1	
121
0.629944	-0.543552	0.554727	-0.30583	
0.54414	0.81854	0.18413	-0.094608	
-0.55415	0.185857	0.811403	0.056668	
0	0	0	1	
122
0.616272	-0.552456	0.56125	-0.309343	
0.555853	0.809986	0.186949	-0.0956473	
-0.557886	0.196761	0.806256	0.0586331	
0	0	0	1	
123
0.599728	-0.55642	0.575085	-0.316864	
0.558752	0.805646	0.196803	-0.100193	
-0.57282	0.203302	0.794069	0.0640402	
0	0	0	1	
124
0.589987	-0.563256	0.578497	-0.319324	
0.565698	0.799592	0.201592	-0.10254	
-0.576109	0.208318	0.790381	0.0654247	
0	0	0	1	
125
0.574773	-0.566103	0.590901	-0.326262	
0.568927	0.79547	0.208688	-0.105951	
-0.588182	0.216231	0.779285	0.0704757	
0	0	0	1	
126
0.563873	-0.571043	0.596621	-0.329986	
0.575568	0.789805	0.211968	-0.10743	
-0.592257	0.223873	0.774024	0.0720612	
0	0	0	1	
127
0.556714	-0.576457	0.598136	-0.332108	
0.581238	0.784733	0.215306	-0.108777	
-0.593492	0.227796	0.771931	0.0724551	
0	0	0	1	
128
0.543417	-0.578327	0.60847	-0.338529	
0.581659	0.782034	0.22382	-0.112464	
-0.605285	0.232295	0.76136	0.0771423	
0	0	0	1	
129
0.5345	-0.582238	0.612624	-0.34207	
0.587521	0.777039	0.2259	-0.113331	
-0.60756	0.239186	0.757404	0.0776773	
0	0	0	1	
130
0.52737	-0.588221	0.613088	-0.343064	
0.593689	0.771318	0.229351	-0.114941	
-0.607795	0.243031	0.755991	0.0774671	
0	0	0	1	
131
0.514636	-0.589535	0.622573	-0.348893	
0.593596	0.768936	0.237447	-0.118703	
-0.618702	0.247358	0.745668	0.0824876	
0	0	0	1	
132
0.506717	-0.59456	0.624289	-0.351082	
0.599606	0.763359	0.240324	-0.120123	
-0.619443	0.252551	0.743309	0.0822523	
0	0	0	1	
133
0.498244	-0.601152	0.624795	-0.352615	
0.606391	0.756658	0.244458	-0.122188	
-0.619712	0.257071	0.741533	0.0832987	
0	0	0	1	
134
0.482292	-0.604707	0.633817	-0.357994	
0.610018	0.751105	0.252425	-0.126362	
-0.628707	0.264897	0.731134	0.0885982	
0	0	0	1	
135
0.470417	-0.612019	0.63572	-0.359165	
0.613519	0.744637	0.262887	-0.13176	
-0.634273	0.26636	0.725776	0.0915846	
0	0	0	1	
136
0.455056	-0.615171	0.643808	-0.363488	
0.617907	0.738751	0.269143	-0.135081	
-0.641183	0.275338	0.716292	0.0960119	
0	0	0	1	
137
0.436614	-0.622863	0.649161	-0.366164	
0.62226	0.730211	0.282109	-0.141545	
-0.64974	0.280774	0.706402	0.100528	
0	0	0	1	
138
0.419481	-0.6302	0.653363	-0.368361	
0.629398	0.720568	0.290928	-0.146336	
-0.654136	0.289187	0.698912	0.10431	
0	0	0	1	
139
0.400073	-0.636737	0.659172	-0.371082	
0.633266	0.711984	0.303401	-0.152864	
-0.662507	0.296049	0.688069	0.110342	
0	0	0	1	
140
0.366268	-0.647958	0.667831	-0.374026	
0.646003	0.693626	0.318689	-0.162672	
-0.669722	0.314696	0.672636	0.117877	
0	0	0	1	
141
0.352355	-0.652337	0.671045	-0.375937	
0.651285	0.685838	0.324738	-0.166609	
-0.672067	0.322618	0.666516	0.120589	
0	0	0	1	
142
0.337799	-0.659158	0.671865	-0.376869	
0.661192	0.674214	0.329029	-0.169056	
-0.669863	0.333086	0.663579	0.122092	
0	0	0	1	
143
0.323947	-0.663833	0.67408	-0.377883	
0.659603	0.669252	0.342089	-0.175966	
-0.67822	0.333807	0.654669	0.126585	
0	0	0	1	
144
0.306569	-0.665995	0.680049	-0.380679	
0.666514	0.660259	0.346146	-0.178445	
-0.67954	0.347144	0.64631	0.130984	
0	0	0	1	
145
0.292409	-0.67178	0.680594	-0.380576	
0.671029	0.651205	0.354473	-0.182471	
-0.681335	0.353047	0.641202	0.134049	
0	0	0	1	
146
0.272382	-0.673202	0.687464	-0.383776	
0.671052	0.64495	0.36569	-0.188004	
-0.689563	0.361717	0.627426	0.141558	
0	0	0	1	
147
0.260752	-0.679048	0.686223	-0.38306	
0.670767	0.638649	0.377093	-0.194145	
-0.69432	0.361968	0.622012	0.145397	
0	0	0	1	
148
0.246499	-0.682305	0.688258	-0.383949	
0.675694	0.630095	0.382646	-0.197445	
-0.694749	0.370729	0.616347	0.148653	
0	0	0	1	
149
0.227257	-0.684621	0.692566	-0.385905	
0.682475	0.619279	0.388228	-0.200416	
-0.694681	0.384432	0.607973	0.153203	
0	0	0	1	
150
0.217402	-0.689659	0.690729	-0.384645	
0.678506	0.615497	0.400989	-0.206796	
-0.701688	0.381487	0.601749	0.157461	
0	0	0	1	
151
0.200706	-0.691515	0.693919	-0.385804	
0.68602	0.604874	0.404357	-0.208505	
-0.699352	0.394885	0.595795	0.161484	
0	0	0	1	
152
0.18723	-0.693751	0.695452	-0.386415	
0.684934	0.599683	0.413818	-0.212852	
-0.704138	0.39886	0.587453	0.166272	
0	0	0	1	
153
0.173015	-0.696947	0.695939	-0.386259	
0.685404	0.592632	0.423095	-0.21755	
-0.70731	0.403797	0.580224	0.170823	
0	0	0	1	
154
0.157807	-0.698186	0.698308	-0.387303	
0.68837	0.584799	0.429135	-0.220354	
-0.707985	0.412974	0.572896	0.17562	
0	0	0	1	
155
0.145716	-0.700211	0.698907	-0.387839	
0.685651	0.580748	0.438879	-0.225178	
-0.713197	0.415254	0.564725	0.180118	
0	0	0	1	
156
0.128977	-0.69876	0.703633	-0.390909	
0.68782	0.574167	0.444112	-0.227456	
-0.714331	0.426693	0.554675	0.185775	
0	0	0	1	
157
0.117399	-0.702696	0.701738	-0.390254	
0.687705	0.567302	0.453025	-0.231313	
-0.716435	0.429404	0.549848	0.188764	
0	0	0	1	
158
0.104447	-0.704313	0.702163	-0.39043	
0.685259	0.562647	0.462438	-0.235541	
-0.720771	0.432864	0.541404	0.193368	
0	0	0	1	
159
0.0923196	-0.702792	0.70538	-0.392488	
0.686356	0.558137	0.46626	-0.237708	
-0.721382	0.441097	0.533892	0.198198	
0	0	0	1	
160
0.0768248	-0.704281	0.705752	-0.393254	
0.684658	0.551834	0.476155	-0.242359	
-0.724804	0.446618	0.524586	0.20276	
0	0	0	1	
161
0.0631787	-0.705325	0.706063	-0.394403	
0.6871	0.543845	0.481794	-0.244766	
-0.72381	0.454697	0.518989	0.205654	
0	0	0	1	
162
0.0494117	-0.708233	0.704247	-0.393707	
0.686814	0.53603	0.490875	-0.248904	
-0.725152	0.459432	0.51291	0.209153	
0	0	0	1	
163
0.0329213	-0.704605	0.708836	-0.396783	
0.685583	0.53198	0.496963	-0.251502	
-0.72725	0.469605	0.500579	0.215103	
0	0	0	1	
164
0.0210224	-0.704714	0.70918	-0.397927	
0.683422	0.527861	0.504279	-0.254883	
-0.729721	0.474068	0.492714	0.218749	
0	0	0	1	
165
0.00750593	-0.706343	0.70783	-0.398199	
0.684934	0.519362	0.511008	-0.257948	
-0.728567	0.480981	0.487696	0.221494	
0	0	0	1	
166
-0.00787258	-0.704912	0.709251	-0.399993	
0.686886	0.511649	0.516143	-0.260082	
-0.726722	0.491238	0.480166	0.2253	
0	0	0	1	
167
-0.0222977	-0.705441	0.708418	-0.400299	
0.683469	0.506391	0.525774	-0.265065	
-0.729639	0.495906	0.470855	0.230105	
0	0	0	1	
168
-0.0409624	-0.701828	0.711167	-0.402455	
0.680821	0.501348	0.533979	-0.269684	
-0.731304	0.506051	0.457283	0.23634	
0	0	0	1	
169
-0.0544337	-0.702336	0.709762	-0.403123	
0.679761	0.494605	0.541563	-0.273769	
-0.731411	0.511947	0.450497	0.240086	
0	0	0	1	
170
-0.0710673	-0.700442	0.710162	-0.405216	
0.680868	0.486236	0.547716	-0.276915	
-0.72895	0.522452	0.442353	0.243853	
0	0	0	1	
171
-0.0843111	-0.701598	0.707568	-0.404916	
0.679952	0.478569	0.555551	-0.280942	
-0.728393	0.527952	0.436704	0.2474	
0	0	0	1	
172
-0.0947692	-0.702316	0.705528	-0.40382	
0.675738	0.475049	0.563654	-0.286029	
-0.731024	0.53017	0.429562	0.250509	
0	0	0	1	
173
-0.108064	-0.69906	0.70685	-0.405089	
0.677458	0.468585	0.566991	-0.288181	
-0.72758	0.540133	0.422947	0.253789	
0	0	0	1	
174
-0.122741	-0.696379	0.707101	-0.406081	
0.676603	0.462523	0.572957	-0.29105	
-0.726046	0.548752	0.414401	0.257717	
0	0	0	1	
175
-0.133121	-0.696558	0.705043	-0.405753	
0.674906	0.457239	0.579167	-0.293971	
-0.725796	0.552938	0.409243	0.260573	
0	0	0	1	
176
-0.147455	-0.692286	0.706397	-0.406923	
0.672132	0.453817	0.585054	-0.297368	
-0.7256	0.561061	0.39839	0.265211	
0	0	0	1	
177
-0.160823	-0.690423	0.705303	-0.407306	
0.67228	0.446567	0.590439	-0.300602	
-0.722618	0.569116	0.39234	0.267811	
0	0	0	1	
178
-0.174247	-0.689626	0.70289	-0.407139	
0.664164	0.444691	0.600946	-0.306225	
-0.726997	0.571547	0.380538	0.273022	
0	0	0	1	
179
-0.186842	-0.689677	0.699597	-0.40635	
0.667187	0.433626	0.605664	-0.309294	
-0.721076	0.579926	0.379124	0.27449	
0	0	0	1	
180
-0.203779	-0.686112	0.698372	-0.406424	
0.662553	0.42852	0.614324	-0.314253	
-0.720762	0.587895	0.367263	0.280429	
0	0	0	1	
181
-0.220033	-0.683118	0.696373	-0.406461	
0.658765	0.422442	0.622552	-0.318849	
-0.719454	0.595728	0.357063	0.284951	
0	0	0	1	
182
-0.236318	-0.677817	0.696217	-0.407871	
0.660562	0.413409	0.626698	-0.32165	
-0.712609	0.607995	0.350044	0.289195	
0	0	0	1	
183
-0.250309	-0.676	0.693087	-0.408188	
0.656041	0.408041	0.634911	-0.326042	
-0.712008	0.613618	0.341347	0.293843	
0	0	0	1	
184
-0.265376	-0.672182	0.691192	-0.409199	
0.655558	0.399881	0.640577	-0.329047	
-0.706979	0.623111	0.334536	0.297114	
0	0	0	1	
185
-0.275297	-0.671546	0.687922	-0.409179	
0.651094	0.396233	0.64736	-0.332737	
-0.70731	0.626119	0.328158	0.300521	
0	0	0	1	
186
-0.285533	-0.671382	0.683898	-0.408396	
0.650993	0.387832	0.65253	-0.335516	
-0.703334	0.631531	0.326326	0.301587	
0	0	0	1	
187
-0.297813	-0.666108	0.683819	-0.408785	
0.648955	0.384082	0.656764	-0.337933	
-0.700118	0.63936	0.317889	0.305486	
0	0	0	1	
188
-0.308624	-0.666051	0.679064	-0.405884	
0.645594	0.377613	0.663789	-0.341968	
-0.698541	0.643261	0.313458	0.30834	
0	0	0	1	
189
-0.317562	-0.664586	0.676373	-0.403812	
0.640706	0.375453	0.669725	-0.345063	
-0.699036	0.646035	0.306575	0.312482	
0	0	0	1	
190
-0.33045	-0.659935	0.67475	-0.402431	
0.640373	0.368413	0.673939	-0.347514	
-0.693343	0.654795	0.300863	0.315308	
0	0	0	1	
191
-0.339296	-0.659659	0.670618	-0.399503	
0.63708	0.363379	0.679769	-0.350839	
-0.692104	0.65788	0.296962	0.317399	
0	0	0	1	
192
-0.353993	-0.655001	0.66758	-0.396868	
0.630464	0.360106	0.687633	-0.355678	
-0.6908	0.664302	0.285479	0.323169	
0	0	0	1	
193
-0.365376	-0.654753	0.661663	-0.393269	
0.627964	0.35133	0.694427	-0.360234	
-0.68714	0.669228	0.282794	0.325213	
0	0	0	1	
194
-0.380115	-0.651467	0.656585	-0.389888	
0.625977	0.341405	0.701139	-0.364849	
-0.68093	0.67752	0.27803	0.32632	
0	0	0	1	
195
-0.395822	-0.642584	0.656057	-0.389112	
0.622502	0.337472	0.706119	-0.367728	
-0.675141	0.687895	0.266431	0.331096	
0	0	0	1	
196
-0.402864	-0.647057	0.647316	-0.384594	
0.622123	0.325152	0.712207	-0.371034	
-0.671314	0.689633	0.271557	0.328635	
0	0	0	1	
197
-0.416488	-0.64113	0.644585	-0.383127	
0.615757	0.322695	0.718826	-0.374108	
-0.668865	0.696291	0.260381	0.334659	
0	0	0	1	
198
-0.430789	-0.635341	0.640908	-0.380924	
0.610099	0.318274	0.72559	-0.377712	
-0.664981	0.703593	0.250513	0.338644	
0	0	0	1	
199
-0.44457	-0.631848	0.634922	-0.377076	
0.606549	0.309236	0.732442	-0.38226	
-0.659133	0.710733	0.24577	0.34149	
0	0	0	1	
200
-0.459843	-0.62876	0.627061	-0.37175	
0.60046	0.300071	0.741219	-0.388314	
-0.654212	0.717369	0.239559	0.344803	
0	0	0	1	
201
-0.472918	-0.626446	0.619608	-0.366898	
0.593657	0.293097	0.749443	-0.393248	
-0.651091	0.72226	0.233283	0.347302	
0	0	0	1	
202
-0.484347	-0.624827	0.612371	-0.362737	
0.586912	0.28702	0.757069	-0.39785	
-0.6488	0.726092	0.227701	0.350945	
0	0	0	1	
203
-0.496115	-0.624114	0.603616	-0.357514	
0.580826	0.278188	0.765018	-0.402528	
-0.645377	0.730133	0.224488	0.353854	
0	0	0	1	
204
-0.511024	-0.614366	0.601173	-0.355348	
0.579058	0.270822	0.768991	-0.404742	
-0.635253	0.741087	0.217358	0.356119	
0	0	0	1	
205
-0.51964	-0.614106	0.59401	-0.351286	
0.569064	0.26982	0.776765	-0.408705	
-0.637292	0.741668	0.209257	0.361623	
0	0	0	1	
206
-0.530716	-0.606707	0.591816	-0.350002	
0.569863	0.261436	0.779043	-0.409897	
-0.627373	0.750705	0.206992	0.362989	
0	0	0	1	
207
-0.541391	-0.603768	0.585116	-0.346629	
0.560397	0.259668	0.786465	-0.413151	
-0.626778	0.753682	0.197768	0.368456	
0	0	0	1	
208
-0.549841	-0.60009	0.581005	-0.344625	
0.553904	0.258684	0.791374	-0.415364	
-0.625192	0.756951	0.190157	0.373713	
0	0	0	1	
209
-0.557046	-0.595554	0.578805	-0.343788	
0.552	0.255199	0.793832	-0.416369	
-0.620481	0.761701	0.186588	0.375464	
0	0	0	1	
210
-0.561779	-0.59598	0.57377	-0.341603	
0.546103	0.253824	0.798339	-0.418172	
-0.621431	0.761827	0.182873	0.378611	
0	0	0	1	
211
-0.570581	-0.588854	0.572441	-0.341757	
0.545488	0.249314	0.800178	-0.41913	
-0.613905	0.768826	0.178959	0.38136	
0	0	0	1	
212
-0.58364	-0.583636	0.564565	-0.338862	
0.534558	0.247201	0.80817	-0.423379	
-0.611238	0.773473	0.167711	0.388683	
0	0	0	1	
213
-0.589442	-0.579318	0.562983	-0.338977	
0.528645	0.250335	0.81109	-0.424199	
-0.610813	0.775708	0.158696	0.392219	
0	0	0	1	
214
-0.592431	-0.579227	0.55993	-0.339119	
0.527256	0.246732	0.813096	-0.424099	
-0.60912	0.776929	0.159229	0.393127	
0	0	0	1	
215
-0.596784	-0.576001	0.558634	-0.340397	
0.522391	0.249549	0.815373	-0.423834	
-0.609062	0.778427	0.151971	0.3977	
0	0	0	1	
216
-0.598185	-0.575347	0.557809	-0.341077	
0.524636	0.244998	0.815312	-0.422958	
-0.605749	0.780354	0.155294	0.396886	
0	0	0	1	
217
-0.60342	-0.570581	0.557065	-0.341531	
0.518915	0.249466	0.817615	-0.422874	
-0.605484	0.782435	0.14555	0.402737	
0	0	0	1	
218
-0.607935	-0.567894	0.554897	-0.34128	
0.514661	0.250322	0.820039	-0.421658	
-0.604598	0.784114	0.140094	0.405892	
0	0	0	1	
219
-0.614592	-0.560638	0.554943	-0.342032	
0.509874	0.254463	0.821753	-0.42034	
-0.601918	0.787994	0.129464	0.411748	
0	0	0	1	
220
-0.615497	-0.562272	0.552281	-0.340462	
0.50524	0.256325	0.824033	-0.420084	
-0.604894	0.786224	0.126315	0.412853	
0	0	0	1	
221
-0.623852	-0.55648	0.548761	-0.338176	
0.500025	0.25544	0.827481	-0.420176	
-0.600653	0.79062	0.118897	0.418742	
0	0	0	1	
222
-0.629524	-0.551508	0.547301	-0.337198	
0.495771	0.257248	0.829478	-0.418918	
-0.598256	0.793513	0.111478	0.422245	
0	0	0	1	
223
-0.635321	-0.549455	0.542648	-0.333842	
0.488746	0.257967	0.833415	-0.418307	
-0.597909	0.794703	0.104652	0.428109	
0	0	0	1	
224
-0.641353	-0.544648	0.540393	-0.331583	
0.48454	0.258577	0.835679	-0.417037	
-0.594884	0.797807	0.0980644	0.430704	
0	0	0	1	
225
-0.649852	-0.536199	0.538686	-0.329379	
0.477806	0.262983	0.838177	-0.415489	
-0.591095	0.802079	0.0852993	0.438837	
0	0	0	1	
226
-0.657755	-0.528277	0.536919	-0.327319	
0.47263	0.265571	0.840293	-0.414589	
-0.586497	0.806471	0.0749985	0.444777	
0	0	0	1	
227
-0.66419	-0.520812	0.53629	-0.326211	
0.467628	0.270247	0.8416	-0.41326	
-0.583246	0.809766	0.0640512	0.450425	
0	0	0	1	
228
-0.664358	-0.522562	0.534375	-0.324575	
0.467615	0.267143	0.842597	-0.411586	
-0.583064	0.809669	0.0668794	0.450584	
0	0	0	1	
229
-0.66612	-0.521056	0.533652	-0.32355	
0.464019	0.270651	0.843465	-0.40958	
-0.583926	0.809474	0.0614938	0.45464	
0	0	0	1	
230
-0.666449	-0.520297	0.533982	-0.323355	
0.462086	0.273807	0.843508	-0.407689	
-0.585083	0.808901	0.0579435	0.45625	
0	0	0	1	
231
-0.666596	-0.519719	0.534361	-0.323641	
0.461362	0.275399	0.843386	-0.406182	
-0.585487	0.808732	0.056199	0.457772	
0	0	0	1	
232
-0.66823	-0.516282	0.535651	-0.324593	
0.458882	0.280686	0.842996	-0.404913	
-0.585573	0.809116	0.0493495	0.460996	
0	0	0	1	
233
-0.667482	-0.516992	0.535898	-0.325206	
0.45806	0.282325	0.842896	-0.402423	
-0.587068	0.808092	0.0483662	0.462942	
0	0	0	1	
234
-0.667853	-0.516914	0.535512	-0.324045	
0.451006	0.291299	0.843646	-0.40154	
-0.592086	0.80495	0.0385864	0.46749	
0	0	0	1	
235
-0.667881	-0.512556	0.539649	-0.325408	
0.456532	0.290512	0.840941	-0.399878	
-0.587804	0.808016	0.0399707	0.46756	
0	0	0	1	
236
-0.66746	-0.511721	0.540961	-0.327338	
0.459767	0.288254	0.839954	-0.397929	
-0.585757	0.809352	0.0428744	0.469025	
0	0	0	1	
237
-0.667129	-0.510631	0.542398	-0.329234	
0.455971	0.295876	0.839374	-0.397438	
-0.589093	0.807288	0.0354457	0.470593	
0	0	0	1	
238
-0.664437	-0.507887	0.548246	-0.332677	
0.460584	0.299431	0.835586	-0.396109	
-0.588545	0.807708	0.0349718	0.472495	
0	0	0	1	
239
-0.662635	-0.511845	0.546745	-0.333109	
0.460685	0.297017	0.836391	-0.397145	
-0.590495	0.806099	0.0389854	0.471045	
0	0	0	1	
240
-0.661826	-0.509292	0.550099	-0.335954	
0.461342	0.301692	0.834354	-0.397534	
-0.59089	0.80598	0.0352902	0.471584	
0	0	0	1	
241
-0.660891	-0.50744	0.552926	-0.338385	
0.4685	0.296605	0.832186	-0.397752	
-0.586285	0.809031	0.0417119	0.469095	
0	0	0	1	
242
-0.657532	-0.510569	0.554049	-0.34051	
0.467001	0.30088	0.831493	-0.39858	
-0.591237	0.805475	0.0405978	0.46897	
0	0	0	1	
243
-0.659415	-0.507897	0.554268	-0.34195	
0.467347	0.300556	0.831416	-0.399844	
-0.588862	0.807284	0.0391726	0.469338	
0	0	0	1	
244
-0.655994	-0.510462	0.555968	-0.343482	
0.46913	0.301278	0.83015	-0.400974	
-0.591261	0.805394	0.0418368	0.468559	
0	0	0	1	
245
-0.656931	-0.508144	0.556984	-0.344838	
0.472069	0.2988	0.829379	-0.402512	
-0.587871	0.80778	0.0435885	0.468341	
0	0	0	1	
246
-0.654493	-0.511438	0.556839	-0.346209	
0.47293	0.297691	0.829287	-0.403716	
-0.589895	0.806109	0.0470378	0.467258	
0	0	0	1	
247
-0.652209	-0.511433	0.559517	-0.349466	
0.476354	0.29765	0.82734	-0.403391	
-0.589669	0.806127	0.0494927	0.466044	
0	0	0	1	
248
-0.648062	-0.514685	0.561351	-0.355159	
0.478527	0.298225	0.825878	-0.403092	
-0.592476	0.803841	0.0530219	0.465816	
0	0	0	1	
249
-0.64814	-0.511029	0.564591	-0.358444	
0.48243	0.298105	0.823647	-0.402553	
-0.589215	0.806215	0.053322	0.464432	
0	0	0	1	
250
-0.647673	-0.510514	0.565592	-0.36059	
0.483249	0.298667	0.822963	-0.401757	
-0.589058	0.806333	0.0532667	0.464848	
0	0	0	1	
251
-0.649205	-0.5094	0.56484	-0.361558	
0.481305	0.299897	0.823655	-0.401199	
-0.588964	0.806581	0.050482	0.466182	
0	0	0	1	
252
-0.653374	-0.506429	0.5627	-0.360739	
0.480041	0.297592	0.825227	-0.401287	
-0.585374	0.809302	0.0486679	0.468631	
0	0	0	1	
253
-0.661726	-0.500748	0.558006	-0.35751	
0.473174	0.29839	0.828897	-0.402645	
-0.581572	0.812536	0.0394884	0.472713	
0	0	0	1	
254
-0.673194	-0.491326	0.552638	-0.354167	
0.46818	0.295283	0.832836	-0.404554	
-0.572378	0.819394	0.0312463	0.477581	
0	0	0	1	
255
-0.685013	-0.483339	0.545106	-0.349929	
0.462296	0.289899	0.837999	-0.407443	
-0.563063	0.82604	0.0248611	0.480723	
0	0	0	1	
256
-0.696927	-0.475298	0.537015	-0.345546	
0.455891	0.284411	0.84337	-0.410347	
-0.553585	0.832588	0.0184708	0.485071	
0	0	0	1	
257
-0.712296	-0.464002	0.526627	-0.339079	
0.446674	0.279089	0.850054	-0.414341	
-0.541402	0.840721	0.00846338	0.489446	
0	0	0	1	
258
-0.727246	-0.452924	0.515726	-0.331549	
0.43686	0.274097	0.856752	-0.419757	
-0.529402	0.84837	-0.00147113	0.493837	
0	0	0	1	
259
-0.742616	-0.442772	0.502468	-0.324221	
0.42712	0.264761	0.864564	-0.425622	
-0.515839	0.856653	-0.00749916	0.497032	
0	0	0	1	
260
-0.758969	-0.432149	0.487045	-0.315902	
0.417279	0.251398	0.873314	-0.431702	
-0.499844	0.866052	-0.0104768	0.497172	
0	0	0	1	
261
-0.787404	-0.409839	0.460465	-0.300191	
0.3978	0.232796	0.887447	-0.440908	
-0.470904	0.881952	-0.0202703	0.501758	
0	0	0	1	
262
-0.802986	-0.394564	0.44669	-0.292145	
0.386356	0.22607	0.894216	-0.444478	
-0.453809	0.890624	-0.0290893	0.505725	
0	0	0	1	
263
-0.81585	-0.383071	0.43318	-0.283742	
0.372884	0.224052	0.900421	-0.447668	
-0.44198	0.896135	-0.0399517	0.511431	
0	0	0	1	
264
-0.831221	-0.365295	0.419083	-0.273933	
0.362868	0.214613	0.90679	-0.451734	
-0.421187	0.905815	-0.0458375	0.513987	
0	0	0	1	
265
-0.843688	-0.352887	0.40455	-0.265255	
0.349783	0.210305	0.91292	-0.454212	
-0.407236	0.911725	-0.0539977	0.516884	
0	0	0	1	
266
-0.856565	-0.340094	0.388113	-0.254867	
0.336723	0.201565	0.919776	-0.45767	
-0.391041	0.918535	-0.0581363	0.519996	
0	0	0	1	
267
-0.870971	-0.317106	0.375303	-0.245786	
0.328931	0.191097	0.924817	-0.461659	
-0.364984	0.928938	-0.0621339	0.521774	
0	0	0	1	
268
-0.878046	-0.310269	0.364373	-0.239859	
0.31588	0.196232	0.928285	-0.463854	
-0.35952	0.930175	-0.0742924	0.524882	
0	0	0	1	
269
-0.891007	-0.288989	0.35013	-0.232748	
0.307381	0.183549	0.933717	-0.466679	
-0.3341	0.939572	-0.0747137	0.524487	
0	0	0	1	
270
-0.899283	-0.280186	0.335836	-0.226031	
0.294121	0.180888	0.938495	-0.4692	
-0.323702	0.942749	-0.0802608	0.526644	
0	0	0	1	
271
-0.908296	-0.266206	0.322694	-0.219724	
0.282866	0.177473	0.942598	-0.471737	
-0.308195	0.947437	-0.0858972	0.52817	
0	0	0	1	
272
-0.917466	-0.250939	0.308683	-0.212656	
0.27111	0.173445	0.946792	-0.474707	
-0.291127	0.952337	-0.0910979	0.529659	
0	0	0	1	
273
-0.924762	-0.24008	0.295258	-0.206711	
0.26051	0.166188	0.95106	-0.476803	
-0.277399	0.956422	-0.0911407	0.52932	
0	0	0	1	
274
-0.931591	-0.228915	0.282376	-0.200286	
0.247498	0.169511	0.953945	-0.478313	
-0.266238	0.958574	-0.101259	0.533156	
0	0	0	1	
275
-0.937943	-0.218356	0.269414	-0.193593	
0.236564	0.165198	0.957469	-0.48062	
-0.253576	0.961785	-0.103291	0.534133	
0	0	0	1	
276
-0.943395	-0.206489	0.259554	-0.189608	
0.228545	0.162405	0.959892	-0.48194	
-0.24036	0.964877	-0.106019	0.535524	
0	0	0	1	
277
-0.94798	-0.199697	0.247902	-0.184545	
0.216794	0.165242	0.962131	-0.48322	
-0.233098	0.965824	-0.113353	0.539154	
0	0	0	1	
278
-0.951697	-0.194579	0.237514	-0.179645	
0.20725	0.163655	0.964502	-0.485325	
-0.226542	0.967138	-0.115424	0.53996	
0	0	0	1	
279
-0.959584	-0.175214	0.220224	-0.17017	
0.191772	0.165606	0.967367	-0.488533	
-0.205966	0.970502	-0.125312	0.546195	
0	0	0	1	
280
-0.96344	-0.165632	0.210595	-0.165916	
0.184357	0.160531	0.969661	-0.490704	
-0.194414	0.973034	-0.124126	0.546057	
0	0	0	1	
281
-0.965846	-0.160701	0.203266	-0.162385	
0.177596	0.160673	0.970898	-0.492879	
-0.188684	0.973837	-0.126646	0.548509	
0	0	0	1	
282
-0.971688	-0.13961	0.190607	-0.155714	
0.16865	0.155147	0.973389	-0.496708	
-0.165467	0.977977	-0.12721	0.548967	
0	0	0	1	
283
-0.973553	-0.134726	0.18451	-0.154248	
0.163543	0.152957	0.974607	-0.497783	
-0.159527	0.979006	-0.126878	0.549175	
0	0	0	1	
284
-0.975927	-0.128462	0.176249	-0.151286	
0.156136	0.152703	0.97586	-0.499346	
-0.152275	0.979887	-0.12897	0.550307	
0	0	0	1	
285
-0.978006	-0.122638	0.168711	-0.148417	
0.149067	0.154774	0.976639	-0.500424	
-0.145885	0.980309	-0.133089	0.552598	
0	0	0	1	
286
-0.980399	-0.115281	0.159776	-0.144306	
0.141387	0.153123	0.97804	-0.501597	
-0.137215	0.98146	-0.133822	0.554264	
0	0	0	1	
287
-0.983096	-0.105817	0.149417	-0.139151	
0.132074	0.155337	0.978993	-0.502564	
-0.126804	0.982178	-0.138735	0.55784	
0	0	0	1	
288
-0.986147	-0.0946231	0.13624	-0.132676	
0.120959	0.151812	0.98098	-0.504064	
-0.113506	0.98387	-0.138264	0.55859	
0	0	0	1	
289
-0.988609	-0.0836631	0.125112	-0.127505	
0.110887	0.1572	0.981322	-0.504049	
-0.101768	0.984017	-0.146132	0.563656	
0	0	0	1	
290
-0.990767	-0.0774913	0.111243	-0.12089	
0.098024	0.157373	0.982662	-0.50485	
-0.0936543	0.984494	-0.148324	0.566225	
0	0	0	1	
291
-0.993272	-0.0624192	0.0975378	-0.114513	
0.0869234	0.154635	0.98414	-0.505716	
-0.076512	0.985998	-0.148169	0.5671	
0	0	0	1	
292
-0.994933	-0.0558641	0.0835913	-0.10806	
0.0740571	0.155114	0.985117	-0.506079	
-0.0679989	0.986316	-0.150191	0.568204	
0	0	0	1	
293
-0.996716	-0.0421667	0.0691248	-0.100749	
0.0618263	0.15493	0.985989	-0.506562	
-0.0522854	0.987025	-0.151814	0.569413	
0	0	0	1	
294
-0.998012	-0.0307303	0.0550212	-0.0935461	
0.0495563	0.156695	0.986403	-0.507269	
-0.038934	0.987169	-0.15486	0.572695	
0	0	0	1	
295
-0.998926	-0.013078	0.0444611	-0.0886564	
0.0418817	0.156017	0.986866	-0.507878	
-0.0198429	0.987668	-0.155301	0.573173	
0	0	0	1	
296
-0.99953	-0.00453752	0.0303283	-0.0822246	
0.0292729	0.153507	0.987714	-0.508348	
-0.00913737	0.988137	-0.153302	0.573017	
0	0	0	1	
297
-0.99984	0.00644766	0.016688	-0.0758829	
0.017488	0.155562	0.987671	-0.508258	
0.00377215	0.987805	-0.15565	0.574618	
0	0	0	1	
298
-0.999737	0.0222018	0.00567359	-0.0708064	
0.0090248	0.153892	0.988047	-0.507402	
0.0210632	0.987838	-0.154052	0.574284	
0	0	0	1	
299
-0.999493	0.0306409	-0.00863447	-0.0633321	
-0.00368642	0.158005	0.987431	-0.505781	
0.0316201	0.986963	-0.157812	0.576592	
0	0	0	1	
300
-0.998919	0.0414785	-0.0209613	-0.057001	
-0.013974	0.162088	0.986677	-0.503476	
0.0443235	0.985904	-0.161333	0.57973	
0	0	0	1	
301
-0.998122	0.0518585	-0.032597	-0.0514424	
-0.023677	0.164158	0.98615	-0.502062	
0.0564913	0.98507	-0.162622	0.581242	
0	0	0	1	
302
-0.997072	0.0634133	-0.0427409	-0.0469064	
-0.0317663	0.164954	0.98579	-0.50092	
0.0695624	0.984261	-0.162456	0.581131	
0	0	0	1	
303
-0.995964	0.0735555	-0.0514264	-0.0430853	
-0.0382635	0.170317	0.984646	-0.498768	
0.0811849	0.98264	-0.166815	0.583849	
0	0	0	1	
304
-0.994847	0.0768164	-0.066172	-0.035708	
